[[4.232142857142857, 4.166666666666667, 4.631578947368421, 4.295081967213115, 4.737704918032787, 4.362068965517241, 4.7, 4.693548387096774, 4.65, 4.693548387096774], [], [], []]
[[4.326923076923077, 4.333333333333333, 4.490909090909091, 4.283333333333333, 4.532258064516129, 4.557377049180328, 4.629032258064516, 4.35, 4.333333333333333, 4.852459016393443], [], [], []]
[[4.428571428571429, 4.462962962962963, 4.771929824561403, 4.409836065573771, 4.483870967741935, 4.283333333333333, 4.622950819672131, 4.724137931034483, 4.586206896551724, 4.532258064516129], [], [], []]
[[4.7894736842105265, 4.351851851851852, 4.661016949152542, 4.6, 4.775862068965517, 4.636363636363637, 4.864406779661017, 4.721311475409836, 4.688524590163935, 4.754098360655738], [], [], []]
[[4.5, 4.392156862745098, 4.5423728813559325, 4.339285714285714, 4.5396825396825395, 4.612903225806452, 4.344262295081967, 4.4, 4.637931034482759, 4.491803278688525], [], [], []]
[[4.706896551724138, 4.482758620689655, 4.448275862068965, 4.88135593220339, 4.728813559322034, 4.661016949152542, 4.733333333333333, 4.229508196721311, 4.733333333333333, 4.409836065573771], [], [], []]
[[4.3061224489795915, 4.392857142857143, 4.660714285714286, 4.645161290322581, 4.576271186440678, 4.612903225806452, 4.634920634920635, 4.968253968253968, 4.47457627118644, 4.451612903225806], [], [], []]
[[4.071428571428571, 4.389830508474576, 4.233333333333333, 4.4655172413793105, 4.5964912280701755, 4.5, 4.60655737704918, 4.741935483870968, 4.559322033898305, 4.783333333333333], [], [], []]
[[4.581818181818182, 4.172413793103448, 4.315789473684211, 4.540983606557377, 4.225806451612903, 3.95, 4.064516129032258, 3.9649122807017543, 4.372881355932203, 4.174603174603175], [], [], []]
[[4.610169491525424, 4.818181818181818, 4.783333333333333, 4.833333333333333, 4.684210526315789, 4.655172413793103, 4.844827586206897, 4.758064516129032, 4.766666666666667, 4.703125], [], [], []]
