[[234, 265, 270, 275, 295, 275, 280, 271, 279, 283], [], [], []]
[[239, 241, 255, 278, 242, 289, 258, 271, 261, 266], [], [], []]
[[217, 227, 233, 233, 237, 261, 250, 273, 262, 285], [], [], []]
[[244, 240, 273, 273, 245, 287, 282, 280, 274, 271], [], [], []]
[[247, 238, 295, 276, 279, 250, 275, 263, 294, 294], [], [], []]
[[244, 254, 253, 284, 265, 294, 315, 301, 306, 288], [], [], []]
[[252, 246, 247, 269, 251, 281, 289, 304, 306, 293], [], [], []]
[[246, 280, 280, 291, 251, 286, 296, 290, 264, 272], [], [], []]
[[247, 219, 256, 264, 284, 267, 277, 284, 275, 296], [], [], []]
[[238, 226, 280, 280, 262, 270, 289, 289, 277, 293], [], [], []]
