0.0 0.0 0.0 0.0 0.0 23.0 0.0 -6.0 -60.0 0.0 -44.0 0.0 0.0 0.0 0.0 0.0 0.0 -33.0 0.0 32.0 30.0 0.0 0.0 0.0 0.0 0.0 20.0 0.0 0.0 0.0 0.0 0.0 
0.0 0.0 0.0 0.0 -8.0 0.0 0.0 0.0 0.0 23.0 0.0 0.0 0.0 0.0 0.0 0.0 0.0 0.0 0.0 0.0 0.0 0.0 0.0 0.0 32.0 0.0 0.0 0.0 -18.0 0.0 0.0 0.0 
0.0 0.0 0.0 0.0 0.0 0.0 0.0 0.0 0.0 0.0 0.0 0.0 0.0 0.0 0.0 0.0 0.0 0.0 0.0 0.0 0.0 0.0 0.0 0.0 32.0 0.0 0.0 0.0 0.0 0.0 0.0 0.0 
0.0 0.0 32.0 32.0 0.0 0.0 0.0 0.0 0.0 0.0 0.0 0.0 0.0 0.0 0.0 32.0 0.0 0.0 0.0 -15.0 0.0 0.0 0.0 0.0 0.0 0.0 0.0 0.0 0.0 0.0 32.0 0.0 
0.0 -45.0 22.0 0.0 0.0 21.0 0.0 0.0 -12.0 0.0 0.0 0.0 0.0 0.0 0.0 -10.0 0.0 0.0 0.0 0.0 0.0 0.0 0.0 0.0 0.0 0.0 32.0 0.0 0.0 0.0 0.0 0.0 
0.0 0.0 0.0 0.0 -39.0 0.0 0.0 0.0 0.0 0.0 0.0 0.0 0.0 0.0 0.0 0.0 0.0 0.0 15.0 0.0 0.0 32.0 0.0 -57.0 0.0 0.0 0.0 0.0 0.0 0.0 19.0 0.0 
0.0 0.0 0.0 32.0 0.0 0.0 0.0 -12.0 -16.0 0.0 0.0 0.0 0.0 0.0 0.0 0.0 0.0 0.0 0.0 32.0 0.0 0.0 0.0 0.0 0.0 0.0 0.0 0.0 0.0 0.0 0.0 0.0 
0.0 0.0 0.0 -24.0 32.0 0.0 0.0 -19.0 0.0 0.0 -10.0 0.0 0.0 0.0 0.0 0.0 0.0 0.0 0.0 0.0 0.0 0.0 0.0 0.0 0.0 0.0 0.0 0.0 0.0 0.0 0.0 0.0 
-44.0 32.0 0.0 -10.0 -45.0 0.0 0.0 0.0 0.0 17.0 17.0 0.0 0.0 0.0 0.0 0.0 0.0 0.0 0.0 32.0 32.0 -30.0 0.0 32.0 0.0 0.0 0.0 0.0 -22.0 0.0 0.0 0.0 
0.0 0.0 0.0 0.0 0.0 -23.0 -24.0 0.0 -35.0 0.0 0.0 0.0 0.0 0.0 -17.0 0.0 -63.0 0.0 0.0 0.0 0.0 0.0 0.0 0.0 0.0 0.0 0.0 0.0 0.0 -9.0 0.0 0.0 
