0.83 0.94 1.0 0.68 0.56 1.13 1.29 0.88 1.06 0.94 1.29 1.13 0.83 0.83 0.52 1.37 0.73 0.64 0.6 0.88 1.0 0.83 1.0 1.0 0.78 0.73 1.06 1.21 0.94 1.21 1.21 0.73 
1.67 0.88 1.13 1.29 0.94 1.37 1.06 0.56 1.21 0.68 0.94 0.94 0.88 0.94 1.0 1.0 1.21 0.73 0.88 1.21 1.56 1.29 1.46 1.0 0.88 1.21 0.83 1.0 0.78 0.88 0.94 1.29 
1.37 1.06 0.88 0.73 0.64 1.0 0.78 0.83 0.73 0.64 1.29 0.83 0.94 0.6 0.94 1.0 0.6 0.94 1.0 1.21 0.83 1.37 1.56 1.46 0.6 1.0 0.78 0.78 0.64 0.78 0.94 0.94 
0.88 1.13 1.29 0.94 0.6 1.21 1.0 0.68 0.83 0.78 1.0 1.21 0.83 1.13 1.06 1.13 0.68 1.0 0.6 1.21 1.37 1.29 1.13 0.88 1.06 1.06 0.94 1.29 0.83 1.21 1.37 1.37 
1.21 1.0 1.13 1.13 0.73 1.56 0.6 0.64 1.06 0.6 1.67 0.73 0.88 0.94 1.0 1.37 0.78 1.06 1.13 1.67 1.06 1.21 1.56 1.37 0.94 1.0 1.06 0.94 0.68 1.13 1.13 0.94 
0.88 0.83 1.46 0.73 0.68 1.13 1.29 1.0 1.21 0.49 1.37 1.13 0.52 1.06 0.94 1.13 0.94 0.6 0.83 1.56 0.83 1.29 1.78 1.13 0.56 1.13 1.0 1.0 1.29 1.78 0.94 1.06 
1.06 1.0 1.21 1.13 0.6 0.94 1.0 0.6 0.73 0.52 1.0 0.78 0.88 0.68 0.83 1.67 0.83 0.83 0.94 1.46 0.94 1.13 1.67 0.94 0.88 0.6 0.83 1.06 0.83 1.29 0.68 1.06 
1.06 1.06 1.21 0.94 0.73 1.06 1.21 0.78 1.06 0.73 0.88 0.78 0.73 1.0 0.83 1.06 0.78 0.64 1.0 1.0 1.0 1.0 1.21 1.37 1.06 1.29 1.21 1.06 0.88 1.46 1.46 0.83 
0.94 0.73 1.13 1.06 1.06 1.29 1.29 0.42 0.78 0.78 0.83 1.06 1.29 0.88 1.06 1.29 0.83 0.78 1.06 1.0 1.56 1.0 1.21 1.0 1.0 1.0 0.83 0.94 1.29 1.46 1.06 0.73 
0.94 0.78 1.37 1.06 0.83 1.0 0.88 0.68 1.13 0.64 1.37 0.88 1.06 1.21 0.94 0.78 1.13 1.06 0.94 1.46 0.88 0.83 0.94 1.21 0.88 1.67 0.78 1.0 0.94 1.37 0.83 0.94 
