1.06 1.46 1.67 1.56 1.37 1.06 0.68 1.06 0.83 
0.49 0.6 0.68 0.6 0.83 0.52 0.52 0.68 0.6 
1.0 1.56 1.0 1.13 1.29 1.06 1.13 0.94 1.06 
0.88 0.78 0.83 0.88 0.88 0.88 0.78 1.13 0.78 
0.78 0.49 0.49 0.45 0.56 0.56 0.6 0.31 0.52 
0.73 1.0 0.56 0.73 0.88 0.6 0.83 0.6 0.78 
0.88 0.78 1.06 1.06 0.83 0.94 0.94 1.06 1.67 
1.21 1.06 2.05 0.83 1.13 1.06 0.94 0.73 1.0 
0.64 0.94 0.88 0.68 0.83 0.73 1.13 0.73 0.83 
0.83 0.88 0.88 1.06 0.88 0.88 0.88 0.88 1.06 
1.91 0.83 0.78 1.0 0.52 0.94 0.68 1.0 1.0 
0.33 1.0 1.46 1.21 1.21 0.94 0.78 1.56 1.06 
1.06 0.88 1.06 0.56 0.88 0.68 0.6 0.94 0.88 
1.29 0.88 1.21 1.29 1.06 0.88 0.73 0.88 1.0 
0.78 1.06 0.83 0.68 0.6 0.64 0.94 0.83 1.0 
0.36 0.78 1.21 1.13 1.13 0.83 0.88 0.94 0.73 
0.73 1.0 1.06 1.06 0.88 0.64 0.83 0.6 1.56 
0.56 1.13 1.0 1.13 1.0 1.29 0.94 1.0 1.13 
4.82 1.13 1.0 0.88 1.06 1.06 1.0 1.29 1.06 
1.0 1.06 1.29 0.88 0.88 0.78 1.06 1.06 1.29 
1.13 1.37 1.06 1.67 0.88 0.94 1.06 1.67 1.06 
0.83 0.94 0.6 0.94 0.94 1.0 0.83 1.13 1.21 
0.64 1.13 1.13 0.73 0.68 0.78 1.0 0.83 1.06 
0.36 1.13 1.0 1.06 1.67 0.88 1.13 1.29 1.0 
1.37 0.6 0.83 0.73 0.78 0.68 0.78 0.78 0.88 
0.88 0.83 1.21 1.37 0.88 0.83 0.6 0.94 1.46 
1.46 1.29 1.0 0.83 1.21 0.83 1.13 0.88 1.29 
0.64 0.78 0.94 1.13 1.06 1.21 0.88 0.94 0.88 
4.33 0.73 0.68 0.68 0.73 0.83 0.78 1.06 0.88 
0.88 1.13 1.56 1.06 0.78 0.83 1.13 0.88 1.13 
0.83 0.78 0.83 0.6 0.78 0.94 0.78 1.21 0.88 
0.78 0.78 0.94 1.37 1.0 1.0 0.88 0.88 1.37 
1.56 1.0 1.21 1.0 1.0 0.88 0.78 1.0 0.88 
0.68 1.0 1.13 0.73 1.06 0.83 0.94 0.83 0.88 
2.56 1.13 1.29 0.83 0.78 0.88 0.94 1.06 0.94 
0.49 0.6 0.42 0.78 0.64 0.68 0.94 0.68 0.68 
1.46 1.21 1.0 1.13 1.37 1.21 1.37 1.06 1.56 
0.25 1.46 0.64 1.06 0.83 1.13 1.21 1.06 1.0 
1.29 1.56 1.56 1.29 1.78 1.37 1.56 1.67 0.94 
0.78 0.52 1.13 1.0 1.06 1.21 0.94 0.73 1.0 
1.67 2.76 1.21 2.76 1.29 2.05 1.56 1.56 1.37 
0.64 1.06 0.83 0.83 1.06 0.88 0.78 0.78 1.0 
0.88 0.68 0.73 0.83 0.88 1.13 0.94 0.83 0.78 
0.83 0.94 1.21 1.0 0.88 0.94 0.83 0.83 0.94 
1.56 0.83 0.83 1.0 1.13 1.06 0.94 0.94 1.13 
0.42 1.46 0.94 1.13 1.06 0.88 0.6 1.0 0.64 
0.73 1.06 0.88 1.29 1.06 1.13 0.73 0.78 1.06 
0.78 1.13 0.83 1.0 0.73 0.78 1.0 1.46 0.88 
1.13 0.73 2.2 1.06 1.37 0.73 0.83 0.73 1.29 
0.31 0.49 0.6 0.64 0.68 0.73 0.83 0.68 0.83 
1.56 1.29 1.06 0.94 1.13 1.13 1.0 1.06 0.94 
0.42 0.88 0.83 1.13 1.06 0.88 1.0 0.83 0.83 
0.52 0.64 0.6 0.39 0.68 0.56 0.6 0.56 0.83 
1.0 1.06 1.13 1.21 0.78 0.73 0.83 1.06 1.21 
0.94 1.13 0.73 1.13 1.29 1.13 0.83 0.88 1.0 
1.0 0.78 0.6 1.06 0.88 0.88 1.0 0.68 0.83 
2.56 0.83 0.88 1.0 1.21 0.83 0.83 0.88 1.21 
0.83 0.94 1.0 1.0 1.21 1.21 1.0 1.0 0.83 
0.78 0.83 1.06 1.21 0.88 0.94 0.94 1.0 1.0 
0.6 0.68 0.83 0.83 1.06 1.06 0.78 1.06 1.06 
0.94 0.88 0.78 0.78 0.78 0.94 1.0 0.83 1.06 
1.0 0.78 0.94 1.0 0.78 0.73 1.37 0.88 1.0 
0.73 0.88 0.94 0.83 1.0 0.83 0.68 1.06 0.83 
0.73 1.21 0.78 0.94 0.68 0.88 0.83 1.37 1.13 
