1.0 1.13 2.05 1.78 1.13 1.29 0.88 0.73 0.94 
0.83 0.6 0.56 0.64 0.56 0.68 0.6 1.37 1.13 
inf 2.56 1.21 1.29 0.94 1.46 1.29 0.94 1.21 
0.83 0.88 0.78 0.94 1.0 0.64 1.06 0.94 0.64 
0.56 0.49 0.45 0.6 0.56 0.49 0.39 0.49 0.73 
0.94 0.68 0.83 0.88 0.56 0.83 0.64 0.78 0.83 
inf inf inf 1.78 1.0 0.73 1.0 1.06 0.88 
0.0 0.03 1.29 1.06 2.05 0.88 1.13 1.0 0.83 
0.68 0.83 0.88 0.73 1.0 0.68 0.88 0.94 0.73 
0.0 0.28 0.83 0.88 0.88 1.06 0.88 0.88 0.88 
1.37 0.94 0.73 0.83 0.56 0.94 0.73 1.06 1.0 
0.0 0.52 1.13 1.13 1.29 1.06 1.06 0.83 1.56 
1.0 1.37 0.73 0.64 0.73 0.6 0.64 1.06 1.13 
0.0 0.0 0.21 1.21 1.0 1.21 1.21 1.06 0.83 
0.6 1.37 1.0 0.73 0.64 0.64 0.68 1.06 0.83 
0.25 0.78 1.06 1.37 1.06 0.94 0.88 0.83 0.73 
inf 0.73 0.88 1.29 0.94 0.78 0.78 0.83 0.64 
1.21 1.06 0.94 1.21 1.13 1.0 0.88 1.37 1.0 
9.67 1.06 1.06 0.88 1.06 1.06 1.0 1.21 1.13 
0.88 1.06 1.21 0.88 0.83 0.94 1.0 1.0 1.78 
1.0 1.67 1.0 1.46 0.73 1.29 1.13 1.46 1.0 
0.83 0.94 0.6 0.94 0.94 1.0 0.83 1.13 1.21 
0.68 1.21 1.13 0.68 0.68 0.73 1.06 0.78 1.21 
1.06 1.46 0.94 1.13 1.21 1.06 0.73 0.68 0.73 
1.91 0.68 0.68 0.83 0.73 0.68 0.73 0.78 0.94 
0.78 0.94 1.21 1.37 0.94 0.73 0.68 0.83 1.56 
63.0 1.56 1.21 1.06 0.83 1.21 0.83 1.13 0.83 
0.73 0.94 0.94 1.13 1.13 0.94 0.94 1.13 0.78 
5.4 0.94 0.68 0.68 0.64 0.88 0.73 1.06 1.0 
0.94 1.21 1.46 1.0 0.83 0.73 1.37 0.83 1.13 
1.13 0.78 0.88 0.68 0.64 0.73 1.0 0.83 1.29 
0.78 0.78 0.94 1.37 1.0 1.0 0.88 0.88 1.37 
inf inf 1.0 1.13 1.29 0.94 0.88 1.0 0.78 
1.0 0.94 1.06 0.78 1.06 0.88 0.68 1.06 1.21 
inf inf 1.37 1.46 0.94 0.83 0.73 1.06 0.88 
0.16 0.6 0.49 0.73 0.6 0.68 0.83 0.88 0.68 
2.76 1.56 1.21 1.06 1.13 1.21 1.21 1.37 1.29 
1.37 0.68 1.06 0.78 1.13 1.21 1.13 0.94 1.06 
inf 2.56 1.37 1.46 1.67 1.21 1.78 1.37 1.56 
0.0 0.78 0.56 1.13 0.94 1.13 1.21 0.94 0.68 
1.78 2.37 1.21 3.0 1.37 1.91 1.67 1.46 1.56 
0.73 1.13 0.78 1.21 0.73 1.0 0.68 0.88 1.0 
inf 1.46 0.78 0.78 0.83 0.78 1.13 0.88 0.94 
0.83 0.94 1.21 1.0 0.88 0.94 0.83 0.83 0.94 
0.83 0.83 1.29 0.88 1.06 0.88 1.0 1.0 1.21 
0.78 1.37 1.0 1.46 0.88 0.73 0.73 0.88 0.78 
0.83 0.94 1.06 1.0 1.21 1.13 0.78 0.78 1.0 
1.13 0.83 0.94 0.78 0.73 1.0 1.46 0.94 0.83 
4.82 0.88 1.0 1.78 1.0 1.29 0.73 0.78 0.88 
0.52 0.45 0.6 0.64 0.83 0.68 0.78 0.73 0.73 
1.46 1.0 1.13 1.0 1.0 1.0 1.21 1.06 0.94 
0.0 0.02 1.0 0.73 1.13 1.21 0.94 0.88 0.94 
0.6 0.42 0.64 0.56 0.56 0.56 0.94 1.0 0.94 
1.13 1.13 1.21 0.73 0.78 0.83 1.0 1.29 0.78 
inf 7.0 0.83 1.29 0.88 0.73 1.56 1.29 0.94 
0.0 0.73 0.83 0.6 0.94 1.0 0.88 1.0 0.68 
inf 11.8 0.94 0.78 1.0 1.0 1.06 0.88 0.88 
1.29 0.78 0.88 1.29 1.13 1.21 1.0 0.88 0.83 
inf 4.82 0.73 0.94 1.13 1.13 0.94 0.88 1.0 
0.78 0.64 0.83 0.83 1.13 1.06 0.83 1.0 1.37 
0.64 0.83 1.06 0.73 0.83 0.88 0.83 1.06 0.88 
0.83 0.94 0.88 1.13 0.78 0.73 1.13 1.06 0.94 
3.0 0.78 1.13 0.68 1.0 0.83 1.0 0.68 0.88 
1.21 0.73 1.0 0.83 0.68 1.06 1.06 1.06 1.71 
