[[[[1.0, 1.0, 1.0], [1.0, 1.0, 1.0], [1.0, 1.0, 1.0]]],
[[[-1.0, -1.0, -1.0], [-1.0, -1.0, -1.0], [-1.0, -1.0, -1.0]]],
[[[1.0, -1.0, 1.0], [-1.0, 1.0, 1.0], [-1.0, -1.0, -1.0]]],
[[[1.0, 1.0, -1.0], [-1.0, 1.0, -1.0], [1.0, -1.0, -1.0]]],
[[[1.0, 1.0, -1.0], [-1.0, 1.0, -1.0], [1.0, -1.0, -1.0]]],
[[[1.0, 1.0, -1.0], [-1.0, 1.0, 1.0], [-1.0, -1.0, 1.0]]],
[[[1.0, 1.0, 1.0], [1.0, 1.0, 1.0], [1.0, 1.0, 1.0]]],
[[[1.0, -1.0, 1.0], [1.0, -1.0, -1.0], [1.0, 1.0, -1.0]]],
[[[1.0, -1.0, 1.0], [1.0, -1.0, -1.0], [1.0, 1.0, -1.0]]],
[[[1.0, 1.0, 1.0], [-1.0, -1.0, -1.0], [-1.0, -1.0, 1.0]]],
[[[-1.0, 1.0, -1.0], [1.0, 1.0, -1.0], [-1.0, 1.0, 1.0]]],
[[[-1.0, -1.0, -1.0], [-1.0, -1.0, -1.0], [-1.0, -1.0, -1.0]]],
[[[1.0, 1.0, 1.0], [-1.0, -1.0, 1.0], [1.0, 1.0, 1.0]]],
[[[1.0, -1.0, -1.0], [-1.0, 1.0, 1.0], [-1.0, 1.0, 1.0]]],
[[[1.0, 1.0, 1.0], [1.0, 1.0, 1.0], [1.0, 1.0, 1.0]]],
[[[1.0, -1.0, 1.0], [1.0, 1.0, -1.0], [1.0, -1.0, -1.0]]],
[[[1.0, 1.0, 1.0], [1.0, 1.0, 1.0], [1.0, 1.0, 1.0]]],
[[[-1.0, -1.0, -1.0], [-1.0, -1.0, -1.0], [-1.0, -1.0, -1.0]]],
[[[1.0, 1.0, 1.0], [1.0, 1.0, 1.0], [1.0, 1.0, 1.0]]],
[[[-1.0, -1.0, -1.0], [-1.0, -1.0, -1.0], [-1.0, -1.0, -1.0]]],
[[[-1.0, -1.0, 1.0], [-1.0, -1.0, 1.0], [-1.0, -1.0, 1.0]]],
[[[-1.0, -1.0, -1.0], [-1.0, -1.0, -1.0], [-1.0, -1.0, -1.0]]],
[[[1.0, 1.0, 1.0], [1.0, 1.0, 1.0], [1.0, 1.0, 1.0]]],
[[[1.0, 1.0, 1.0], [1.0, 1.0, 1.0], [1.0, 1.0, 1.0]]],
[[[1.0, 1.0, 1.0], [1.0, 1.0, 1.0], [1.0, 1.0, 1.0]]],
[[[-1.0, -1.0, -1.0], [-1.0, -1.0, -1.0], [1.0, -1.0, -1.0]]],
[[[1.0, 1.0, 1.0], [1.0, 1.0, 1.0], [1.0, 1.0, 1.0]]],
[[[-1.0, -1.0, -1.0], [-1.0, -1.0, -1.0], [1.0, -1.0, -1.0]]],
[[[-1.0, -1.0, -1.0], [1.0, -1.0, -1.0], [-1.0, -1.0, -1.0]]],
[[[1.0, 1.0, 1.0], [1.0, 1.0, 1.0], [1.0, -1.0, -1.0]]],
[[[1.0, 1.0, 1.0], [1.0, 1.0, 1.0], [1.0, 1.0, 1.0]]],
[[[-1.0, -1.0, -1.0], [-1.0, -1.0, -1.0], [-1.0, -1.0, -1.0]]],
[[[-1.0, 1.0, 1.0], [-1.0, -1.0, 1.0], [-1.0, -1.0, 1.0]]],
[[[-1.0, 1.0, 1.0], [-1.0, -1.0, 1.0], [-1.0, -1.0, 1.0]]],
[[[-1.0, 1.0, 1.0], [-1.0, -1.0, 1.0], [-1.0, -1.0, 1.0]]],
[[[-1.0, -1.0, -1.0], [-1.0, -1.0, -1.0], [-1.0, -1.0, -1.0]]],
[[[1.0, 1.0, 1.0], [1.0, 1.0, 1.0], [1.0, 1.0, 1.0]]],
[[[-1.0, -1.0, -1.0], [-1.0, -1.0, -1.0], [-1.0, -1.0, -1.0]]],
[[[1.0, 1.0, 1.0], [1.0, 1.0, 1.0], [1.0, 1.0, 1.0]]],
[[[-1.0, -1.0, -1.0], [-1.0, -1.0, -1.0], [-1.0, -1.0, -1.0]]],
[[[1.0, 1.0, 1.0], [1.0, 1.0, 1.0], [1.0, 1.0, 1.0]]],
[[[-1.0, -1.0, -1.0], [-1.0, -1.0, -1.0], [-1.0, -1.0, -1.0]]],
[[[1.0, -1.0, -1.0], [1.0, -1.0, -1.0], [1.0, 1.0, -1.0]]],
[[[1.0, -1.0, -1.0], [1.0, -1.0, -1.0], [1.0, 1.0, -1.0]]],
[[[1.0, 1.0, 1.0], [1.0, -1.0, -1.0], [-1.0, -1.0, -1.0]]],
[[[1.0, -1.0, -1.0], [1.0, -1.0, -1.0], [1.0, 1.0, -1.0]]],
[[[1.0, 1.0, -1.0], [1.0, 1.0, -1.0], [-1.0, 1.0, -1.0]]],
[[[-1.0, -1.0, -1.0], [-1.0, -1.0, -1.0], [-1.0, -1.0, -1.0]]],
[[[1.0, 1.0, 1.0], [1.0, 1.0, 1.0], [1.0, 1.0, 1.0]]],
[[[-1.0, 1.0, 1.0], [-1.0, 1.0, 1.0], [-1.0, -1.0, -1.0]]],
[[[-1.0, 1.0, 1.0], [-1.0, 1.0, 1.0], [-1.0, -1.0, -1.0]]],
[[[-1.0, -1.0, -1.0], [-1.0, -1.0, -1.0], [-1.0, -1.0, -1.0]]],
[[[-1.0, -1.0, -1.0], [1.0, 1.0, 1.0], [1.0, 1.0, -1.0]]],
[[[-1.0, -1.0, -1.0], [-1.0, -1.0, -1.0], [-1.0, -1.0, -1.0]]],
[[[1.0, 1.0, -1.0], [1.0, 1.0, -1.0], [1.0, -1.0, -1.0]]],
[[[1.0, 1.0, -1.0], [1.0, 1.0, -1.0], [1.0, -1.0, -1.0]]],
[[[1.0, 1.0, 1.0], [1.0, 1.0, 1.0], [1.0, 1.0, 1.0]]],
[[[-1.0, -1.0, 1.0], [-1.0, 1.0, 1.0], [-1.0, -1.0, 1.0]]],
[[[-1.0, -1.0, 1.0], [-1.0, 1.0, 1.0], [-1.0, -1.0, 1.0]]],
[[[-1.0, -1.0, -1.0], [-1.0, -1.0, -1.0], [-1.0, -1.0, -1.0]]],
[[[1.0, -1.0, 1.0], [-1.0, -1.0, 1.0], [-1.0, 1.0, 1.0]]],
[[[0.0, 1.2611686178923354e-44, 0.0], [1.1210387714598537e-44, 0.0, 1.1210387714598537e-44], [0.0, 1.2611686178923354e-44, 0.0]]],
[[[1.0, 1.0, -1.0], [1.0, -1.0, -1.0], [-1.0, -1.0, 1.0]]],
[[[-1.0, -1.0, -1.0], [-1.0, -1.0, -1.0], [-1.0, -1.0, -1.0]]]]