[[[[1.0, 1.0, 1.0], [1.0, 1.0, 1.0], [1.0, 1.0, 1.0]]],
[[[-1.0, -1.0, -1.0], [-1.0, -1.0, -1.0], [-1.0, -1.0, -1.0]]],
[[[1.0, -1.0, -1.0], [-1.0, 1.0, -1.0], [1.0, -1.0, -1.0]]],
[[[1.0, 1.0, -1.0], [-1.0, 1.0, 1.0], [1.0, -1.0, 1.0]]],
[[[1.0, 1.0, 1.0], [1.0, 1.0, 1.0], [1.0, 1.0, 1.0]]],
[[[1.0, 1.0, 1.0], [1.0, 1.0, -1.0], [-1.0, 1.0, -1.0]]],
[[[1.0, 1.0, 1.0], [1.0, 1.0, 1.0], [1.0, 1.0, 1.0]]],
[[[-1.0, -1.0, -1.0], [-1.0, -1.0, -1.0], [-1.0, -1.0, -1.0]]],
[[[1.0, 1.0, 1.0], [1.0, 1.0, -1.0], [-1.0, 1.0, -1.0]]],
[[[1.0, 1.0, 1.0], [1.0, 1.0, -1.0], [-1.0, 1.0, -1.0]]],
[[[1.0, 1.0, 1.0], [1.0, 1.0, 1.0], [1.0, 1.0, 1.0]]],
[[[-1.0, -1.0, -1.0], [-1.0, -1.0, -1.0], [-1.0, -1.0, -1.0]]],
[[[1.0, -1.0, -1.0], [-1.0, 1.0, 1.0], [-1.0, 1.0, 1.0]]],
[[[-1.0, -1.0, -1.0], [-1.0, -1.0, 1.0], [-1.0, -1.0, -1.0]]],
[[[1.0, 1.0, 1.0], [1.0, 1.0, 1.0], [1.0, 1.0, 1.0]]],
[[[1.0, 1.0, 1.0], [-1.0, -1.0, -1.0], [-1.0, -1.0, 1.0]]],
[[[-1.0, 1.0, 1.0], [-1.0, 1.0, 1.0], [-1.0, 1.0, 1.0]]],
[[[-1.0, -1.0, -1.0], [-1.0, -1.0, -1.0], [-1.0, -1.0, -1.0]]],
[[[1.0, 1.0, 1.0], [1.0, 1.0, 1.0], [1.0, 1.0, 1.0]]],
[[[-1.0, 1.0, -1.0], [-1.0, -1.0, 1.0], [-1.0, -1.0, 1.0]]],
[[[-1.0, -1.0, -1.0], [-1.0, -1.0, 1.0], [-1.0, -1.0, 1.0]]],
[[[-1.0, -1.0, -1.0], [-1.0, -1.0, -1.0], [-1.0, -1.0, -1.0]]],
[[[1.0, 1.0, 1.0], [1.0, 1.0, 1.0], [1.0, 1.0, 1.0]]],
[[[1.0, -1.0, 1.0], [1.0, 1.0, -1.0], [-1.0, 1.0, -1.0]]],
[[[1.0, -1.0, 1.0], [1.0, 1.0, -1.0], [-1.0, 1.0, -1.0]]],
[[[1.0, -1.0, -1.0], [1.0, -1.0, -1.0], [1.0, -1.0, 1.0]]],
[[[1.0, 1.0, 1.0], [1.0, 1.0, 1.0], [1.0, 1.0, 1.0]]],
[[[-1.0, -1.0, -1.0], [-1.0, -1.0, 1.0], [-1.0, 1.0, -1.0]]],
[[[1.0, 1.0, 1.0], [1.0, 1.0, 1.0], [1.0, 1.0, 1.0]]],
[[[-1.0, -1.0, -1.0], [-1.0, -1.0, -1.0], [-1.0, -1.0, -1.0]]],
[[[1.0, 1.0, 1.0], [1.0, 1.0, 1.0], [1.0, 1.0, 1.0]]],
[[[-1.0, -1.0, -1.0], [-1.0, -1.0, -1.0], [-1.0, -1.0, -1.0]]],
[[[1.0, 1.0, 1.0], [-1.0, -1.0, 1.0], [1.0, -1.0, -1.0]]],
[[[-1.0, -1.0, -1.0], [-1.0, -1.0, -1.0], [-1.0, -1.0, -1.0]]],
[[[-1.0, -1.0, 1.0], [-1.0, -1.0, 1.0], [1.0, -1.0, -1.0]]],
[[[-1.0, 1.0, 1.0], [-1.0, 1.0, 1.0], [-1.0, -1.0, -1.0]]],
[[[1.0, 1.0, 1.0], [1.0, 1.0, 1.0], [1.0, 1.0, 1.0]]],
[[[-1.0, -1.0, 1.0], [-1.0, -1.0, -1.0], [1.0, -1.0, -1.0]]],
[[[1.0, 1.0, 1.0], [1.0, 1.0, 1.0], [1.0, 1.0, 1.0]]],
[[[-1.0, -1.0, -1.0], [-1.0, -1.0, -1.0], [-1.0, -1.0, -1.0]]],
[[[-1.0, 1.0, 1.0], [-1.0, 1.0, 1.0], [1.0, 1.0, -1.0]]],
[[[-1.0, -1.0, -1.0], [-1.0, -1.0, -1.0], [-1.0, -1.0, -1.0]]],
[[[1.0, 1.0, 1.0], [1.0, 1.0, 1.0], [1.0, 1.0, 1.0]]],
[[[-1.0, -1.0, -1.0], [-1.0, -1.0, -1.0], [-1.0, -1.0, -1.0]]],
[[[-1.0, -1.0, -1.0], [1.0, -1.0, -1.0], [1.0, 1.0, -1.0]]],
[[[-1.0, -1.0, -1.0], [-1.0, -1.0, -1.0], [-1.0, -1.0, -1.0]]],
[[[-1.0, 1.0, 1.0], [-1.0, 1.0, 1.0], [-1.0, -1.0, -1.0]]],
[[[1.0, -1.0, 1.0], [1.0, 1.0, -1.0], [1.0, 1.0, -1.0]]],
[[[1.0, 1.0, 1.0], [1.0, 1.0, 1.0], [1.0, 1.0, 1.0]]],
[[[-1.0, -1.0, -1.0], [-1.0, -1.0, -1.0], [-1.0, -1.0, -1.0]]],
[[[-1.0, -1.0, -1.0], [1.0, 1.0, -1.0], [1.0, -1.0, -1.0]]],
[[[-1.0, -1.0, -1.0], [-1.0, -1.0, -1.0], [-1.0, -1.0, -1.0]]],
[[[1.0, 1.0, 1.0], [1.0, 1.0, 1.0], [1.0, 1.0, 1.0]]],
[[[-1.0, -1.0, -1.0], [-1.0, -1.0, -1.0], [-1.0, -1.0, -1.0]]],
[[[1.0, -1.0, 1.0], [-1.0, -1.0, 1.0], [-1.0, 1.0, 1.0]]],
[[[-1.0, -1.0, 1.0], [-1.0, 1.0, 1.0], [-1.0, -1.0, 1.0]]],
[[[1.0, 1.0, 1.0], [1.0, 1.0, 1.0], [1.0, 1.0, 1.0]]],
[[[-1.0, 1.0, 1.0], [-1.0, -1.0, 1.0], [-1.0, -1.0, 1.0]]],
[[[1.0, -1.0, 1.0], [-1.0, -1.0, 1.0], [-1.0, 1.0, 1.0]]],
[[[1.0, 1.0, -1.0], [1.0, -1.0, -1.0], [1.0, 1.0, -1.0]]],
[[[0.0, 9.80908925027372e-45, 0.0], [1.1210387714598537e-44, 0.0, 0.0], [0.0, 9.80908925027372e-45, 0.0]]],
[[[0.0, 4.203895392974451e-45, 0.0], [0.0, 0.0, 1.1210387714598537e-44], [0.0, 8.407790785948902e-45, 0.0]]],
[[[1.0, 1.0, -1.0], [1.0, -1.0, -1.0], [-1.0, -1.0, 1.0]]],
[[[-1.0, -1.0, -1.0], [-1.0, -1.0, -1.0], [-1.0, -1.0, -1.0]]]]