1.46 1.29 1.46 1.78 1.46 1.21 1.13 0.78 1.06 
0.78 0.78 0.88 0.56 0.78 0.78 0.78 0.78 0.78 
1.06 1.46 1.21 1.06 1.21 1.13 1.21 0.94 1.13 
0.88 0.78 0.83 0.88 0.88 0.88 0.78 1.13 0.78 
0.78 0.78 0.78 0.78 0.78 0.64 0.78 0.78 0.56 
0.78 0.78 0.94 0.6 0.78 0.83 0.78 0.83 0.78 
1.46 0.94 0.78 0.94 1.21 0.78 0.94 1.06 1.06 
1.13 1.56 1.21 1.0 0.94 1.21 0.83 0.78 1.13 
0.78 0.83 0.88 0.78 0.83 0.83 1.13 0.73 0.78 
0.83 0.88 0.88 1.06 0.88 0.88 0.88 0.88 1.06 
0.94 0.94 0.88 0.78 0.78 0.83 0.73 1.29 0.83 
1.21 1.13 1.37 1.29 0.78 1.06 1.13 1.46 1.21 
0.78 0.94 1.37 0.78 0.78 0.78 0.78 0.78 1.0 
1.0 0.83 1.37 1.0 1.21 0.94 0.78 0.83 1.0 
0.78 1.46 0.78 0.83 0.78 0.78 0.78 0.83 0.94 
0.78 0.78 1.06 1.37 1.06 0.94 0.88 0.83 0.78 
1.0 0.83 1.29 1.0 0.78 0.94 0.78 0.78 0.78 
1.21 1.0 1.29 1.0 1.29 1.0 1.13 0.88 1.29 
2.76 1.21 1.06 0.78 1.21 1.0 1.06 1.21 1.06 
0.94 1.06 1.13 1.06 0.83 0.83 0.94 1.06 1.29 
2.76 1.13 1.46 0.83 1.67 0.94 1.0 1.13 1.56 
1.0 0.88 0.88 0.78 0.88 1.0 0.88 1.21 1.13 
2.76 0.94 0.78 1.29 1.06 0.78 0.78 0.83 0.88 
0.83 1.37 1.13 0.94 1.37 1.06 1.21 1.29 0.78 
0.64 0.78 1.0 0.78 0.78 0.78 0.78 1.0 0.88 
0.78 0.78 1.29 1.29 1.13 0.83 0.78 0.83 1.06 
1.13 1.06 0.94 1.06 1.0 1.06 0.88 1.21 0.78 
0.73 0.68 0.94 1.0 1.29 1.06 0.94 0.88 1.0 
1.56 0.88 0.78 0.78 0.78 0.78 0.88 1.06 0.83 
0.78 1.06 1.21 1.37 0.94 0.78 0.94 1.06 0.88 
0.78 0.78 1.06 0.78 0.78 0.83 0.94 1.06 1.06 
1.0 0.78 1.21 1.29 0.78 1.13 0.83 1.13 1.13 
1.56 1.0 1.21 1.0 1.0 0.88 0.78 1.0 0.88 
0.78 0.88 0.94 1.13 0.88 0.83 0.94 1.0 0.78 
1.13 1.21 0.88 0.78 0.83 0.94 1.06 1.0 0.78 
0.78 0.78 0.78 0.83 0.78 0.78 0.88 0.83 0.78 
1.37 1.06 1.37 1.37 0.88 1.21 1.46 1.46 1.06 
1.91 0.78 1.0 0.88 1.06 1.21 1.06 0.94 1.21 
1.78 1.46 1.67 1.46 1.37 1.56 1.46 1.67 1.29 
0.78 0.78 1.13 1.0 1.06 1.21 0.94 0.78 1.0 
2.2 2.76 1.37 2.2 2.05 1.46 1.67 1.78 1.37 
0.78 1.06 0.83 0.83 1.06 0.88 0.78 0.78 1.0 
0.78 0.78 0.88 0.78 1.0 1.0 0.94 0.88 0.78 
0.78 0.83 1.0 1.13 0.88 0.94 0.88 0.83 0.88 
1.0 0.83 0.88 1.21 0.94 1.06 0.83 1.13 0.83 
0.78 1.46 1.06 1.13 1.0 0.73 0.78 1.0 0.78 
0.83 0.94 1.06 1.0 1.21 1.13 0.78 0.78 1.0 
1.06 0.88 1.0 0.88 0.78 0.64 1.13 1.37 0.94 
0.88 0.94 1.67 1.06 1.37 0.78 0.73 0.78 1.29 
0.78 0.78 0.78 0.78 0.78 0.78 0.78 0.73 1.0 
1.46 1.13 1.0 1.13 0.88 1.21 1.13 0.83 1.06 
1.0 0.78 1.06 1.21 0.88 0.94 0.88 0.83 0.94 
0.78 0.52 0.78 0.78 0.56 0.78 0.78 0.78 0.78 
0.78 1.06 1.06 1.29 1.06 0.78 0.78 0.78 1.13 
0.94 1.13 0.78 1.13 1.29 1.13 0.83 0.88 1.0 
0.78 0.88 0.78 0.83 0.88 0.94 0.94 0.78 0.73 
0.88 0.83 1.0 1.06 1.21 0.73 0.94 0.94 1.0 
1.29 0.83 0.88 1.13 1.21 1.21 1.06 0.88 0.88 
0.78 0.83 1.06 1.21 0.88 0.94 0.94 1.0 1.0 
0.83 0.78 0.88 1.06 0.78 1.06 0.94 1.06 1.21 
0.94 0.88 0.78 0.78 0.78 0.94 1.0 0.83 1.06 
0.78 0.94 0.78 0.88 1.0 1.0 0.78 1.21 0.94 
0.78 1.06 0.73 0.94 0.88 1.0 0.68 0.88 0.88 
0.78 1.21 0.78 0.94 0.78 0.88 0.83 1.37 1.13 
