3.06 3.4 2.93 3.29 3.13 2.94 3.85 2.82 2.72 3.33 3.06 2.56 3.06 3.31 3.21 3.19 3.69 3.6 3.64 2.93 3.77 3.38 2.82 2.28 3.2 3.71 2.74 2.79 2.53 2.8 2.64 2.28 
2.94 3.12 2.88 3.27 2.83 2.83 3.42 3.54 2.94 3.12 2.88 3.27 3.29 2.72 2.5 2.75 2.6 3.07 2.61 2.64 4.0 3.07 2.94 3.0 2.86 2.88 2.92 2.71 2.94 2.69 2.87 2.83 
2.62 3.43 2.91 3.12 4.0 3.6 2.5 3.12 3.0 2.68 3.73 3.13 4.08 3.0 3.12 3.29 3.54 2.56 2.5 2.5 3.38 2.7 3.07 2.83 2.87 3.27 2.94 3.27 2.53 2.47 2.75 2.71 
2.88 2.63 2.8 3.46 2.82 3.31 3.25 3.0 3.0 3.29 2.78 3.57 2.82 2.94 2.92 2.88 3.33 2.6 3.06 3.13 3.35 2.65 2.46 3.29 3.06 3.0 2.71 2.79 2.83 2.53 2.88 2.56 
2.83 3.0 2.87 2.61 2.88 3.06 3.36 3.11 3.07 2.71 3.12 2.89 3.29 2.58 2.93 3.13 3.07 2.94 2.47 2.61 3.13 3.31 3.21 2.94 2.47 2.71 2.81 3.14 3.25 2.38 3.2 2.67 
2.61 2.94 3.0 2.74 3.33 2.94 2.83 2.69 2.93 3.86 3.36 2.47 2.88 2.77 2.93 3.0 4.0 4.09 2.52 3.42 2.6 3.0 4.17 3.54 3.07 2.87 2.8 3.62 2.76 3.13 3.06 2.94 
3.31 3.33 2.5 2.88 3.44 3.0 3.29 3.57 2.8 3.29 3.06 2.73 3.5 4.08 2.81 3.4 2.75 2.84 2.69 3.71 3.21 2.88 3.46 2.63 2.62 2.94 2.88 2.56 3.21 2.86 2.74 2.68 
3.07 3.36 2.79 3.06 3.25 2.83 3.07 2.88 3.07 3.0 2.69 2.88 2.89 2.5 3.15 4.18 3.06 3.14 2.4 2.5 3.14 3.29 2.61 2.65 2.93 3.46 3.13 2.81 2.76 2.47 2.75 2.93 
2.47 3.21 3.53 2.94 3.0 3.67 2.48 3.2 2.44 3.12 2.93 3.11 3.13 3.29 3.19 2.71 3.06 2.93 3.14 3.33 3.0 2.84 3.58 2.94 3.2 2.6 3.4 3.19 3.4 2.73 2.92 2.82 
3.13 3.4 2.43 2.94 3.31 2.69 3.43 3.0 2.73 3.0 3.12 3.14 3.83 3.18 2.76 3.31 2.89 3.79 2.69 2.69 2.93 2.59 2.44 2.71 2.88 3.54 3.14 2.44 2.88 3.0 3.07 2.79 
