2.43 2.47 3.07 3.0 2.47 2.65 2.47 2.89 2.94 
3.36 2.82 2.94 2.87 2.4 3.19 2.61 2.43 3.31 
2.71 2.86 2.42 2.55 2.44 2.41 2.33 2.41 2.36 
2.38 2.18 2.47 2.69 2.35 2.17 2.36 2.57 2.18 
3.24 3.14 3.44 3.44 2.47 2.94 2.61 3.92 3.62 
3.06 2.65 3.31 2.78 2.5 3.18 3.12 3.0 3.24 
2.69 2.39 2.36 2.25 2.53 2.93 2.33 2.53 2.56 
2.33 2.72 3.53 2.45 2.68 2.25 2.47 2.55 2.9 
3.44 3.67 4.07 3.5 3.06 2.88 3.4 3.57 3.31 
2.62 2.86 2.27 2.61 2.29 2.71 2.57 2.85 2.8 
2.52 3.31 2.53 2.78 3.5 2.94 2.72 3.57 3.31 
3.6 3.0 2.84 2.88 2.89 3.38 3.13 3.12 3.12 
2.59 3.0 2.89 3.07 3.8 3.07 2.71 2.55 3.58 
3.21 3.67 3.4 3.25 3.29 3.43 3.19 3.25 3.56 
3.4 2.78 3.07 3.6 3.25 3.14 3.53 3.92 3.14 
3.64 2.68 3.2 2.94 2.6 2.73 2.75 2.33 2.81 
3.22 3.69 3.33 3.85 3.31 3.22 4.25 3.67 3.56 
2.61 2.5 2.94 2.81 2.86 2.88 2.88 3.53 2.71 
2.45 2.44 2.39 2.38 2.6 2.42 2.53 2.47 2.33 
2.57 2.65 2.67 2.71 2.72 2.72 2.94 2.88 3.0 
3.06 2.86 3.23 2.92 3.21 2.89 3.12 2.88 3.0 
2.73 2.76 2.59 3.21 3.0 2.88 3.12 2.87 2.47 
2.6 2.78 2.37 2.47 2.28 2.5 2.25 2.0 2.47 
3.38 2.82 3.44 3.25 2.63 3.17 3.56 2.8 2.76 
2.59 2.72 3.06 2.6 2.39 2.82 3.25 2.89 2.27 
2.89 2.73 2.94 2.19 2.47 2.65 2.75 2.62 2.88 
3.05 2.72 2.83 2.88 3.07 2.7 2.87 2.68 2.87 
2.33 2.25 2.45 2.4 2.39 2.32 2.11 2.15 2.33 
3.29 2.87 2.67 2.12 2.39 2.25 2.5 2.5 2.33 
2.74 2.33 2.44 2.22 2.71 2.21 2.21 2.25 2.39 
3.0 2.56 3.25 2.63 2.83 2.65 2.39 2.76 2.42 
2.37 2.39 2.07 2.53 2.81 2.36 2.4 2.36 2.55 
2.17 2.32 2.36 2.32 2.35 2.16 2.83 2.58 2.43 
2.53 3.38 3.12 3.47 3.06 2.74 3.75 3.13 2.73 
2.45 3.29 3.17 2.82 2.8 2.89 2.63 3.11 2.8 
3.4 3.67 4.7 3.18 2.76 2.79 3.12 3.12 3.31 
2.69 2.89 3.06 2.59 2.69 2.56 3.46 2.87 2.59 
2.93 2.94 2.45 2.5 2.3 2.78 2.42 2.44 2.53 
2.65 3.09 2.62 2.53 2.62 2.69 2.59 2.6 2.43 
2.67 2.69 2.44 2.38 2.56 2.47 2.38 2.22 2.62 
3.92 3.67 3.79 4.33 3.38 3.83 3.5 4.0 3.77 
3.12 3.0 2.8 3.2 2.65 3.24 2.83 3.17 2.67 
2.39 3.27 2.53 2.93 2.28 2.19 2.62 2.53 2.5 
3.18 2.76 3.6 2.71 2.57 2.89 2.74 3.44 2.72 
2.28 2.28 2.56 2.43 2.4 2.18 2.44 2.57 2.47 
2.41 3.0 2.94 3.07 2.52 2.75 2.59 2.2 2.53 
2.65 3.07 3.19 3.12 2.86 2.65 2.82 2.88 2.87 
3.0 3.12 3.14 3.2 3.06 3.33 3.17 3.8 3.06 
2.53 2.71 3.92 2.31 2.62 2.92 2.44 2.65 2.41 
2.56 4.64 2.95 2.62 2.78 2.74 2.5 2.71 2.82 
5.0 3.33 2.94 3.47 2.89 3.38 4.15 3.22 2.94 
2.2 2.44 2.47 2.47 2.53 2.26 2.5 2.24 2.35 
3.0 3.27 3.44 2.94 3.07 3.24 2.61 2.8 3.53 
2.88 2.32 2.5 2.55 2.62 2.94 2.94 2.65 3.57 
2.71 2.83 2.71 3.15 2.67 2.6 3.07 3.4 2.88 
2.86 3.12 3.54 2.45 2.82 2.38 3.0 3.67 2.41 
2.45 2.37 2.42 2.13 2.1 2.17 2.18 2.32 2.5 
2.74 2.43 2.59 2.94 2.63 2.4 2.56 2.84 2.48 
2.36 2.47 2.94 2.23 2.28 2.37 2.37 2.33 2.17 
2.5 3.0 2.56 2.82 2.93 2.94 2.63 2.73 3.07 
2.5 2.24 2.19 2.35 2.53 3.0 2.35 2.53 2.69 
2.35 2.4 2.39 2.88 3.31 3.93 2.67 2.36 2.82 
3.21 3.4 3.06 3.2 3.07 2.67 2.93 2.65 3.0 
2.68 2.33 2.76 2.35 2.89 2.61 2.68 2.5 2.6 
