51.0 42.0 46.0 54.0 42.0 45.0 42.0 52.0 47.0 
47.0 48.0 47.0 43.0 48.0 51.0 47.0 51.0 43.0 
46.0 40.0 46.0 51.0 39.0 41.0 42.0 41.0 33.0 
38.0 37.0 42.0 43.0 40.0 39.0 33.0 36.0 37.0 
55.0 44.0 55.0 55.0 42.0 50.0 47.0 51.0 47.0 
55.0 53.0 53.0 50.0 55.0 54.0 50.0 45.0 55.0 
43.0 43.0 52.0 45.0 38.0 44.0 49.0 43.0 41.0 
49.0 49.0 53.0 49.0 51.0 54.0 42.0 51.0 58.0 
55.0 55.0 57.0 56.0 55.0 49.0 51.0 50.0 53.0 
34.0 40.0 34.0 47.0 32.0 38.0 36.0 37.0 42.0 
53.0 53.0 48.0 50.0 49.0 50.0 49.0 50.0 43.0 
54.0 48.0 54.0 49.0 52.0 54.0 47.0 50.0 50.0 
44.0 51.0 52.0 46.0 57.0 46.0 46.0 51.0 43.0 
45.0 55.0 51.0 52.0 56.0 48.0 51.0 52.0 57.0 
51.0 50.0 43.0 54.0 52.0 44.0 53.0 51.0 44.0 
51.0 51.0 48.0 47.0 39.0 41.0 44.0 42.0 45.0 
58.0 59.0 50.0 50.0 53.0 58.0 51.0 55.0 57.0 
47.0 40.0 53.0 45.0 40.0 49.0 46.0 53.0 46.0 
54.0 44.0 43.0 50.0 52.0 46.0 43.0 47.0 49.0 
54.0 45.0 56.0 46.0 49.0 49.0 50.0 46.0 48.0 
49.0 40.0 42.0 38.0 45.0 52.0 50.0 46.0 39.0 
41.0 47.0 44.0 45.0 45.0 46.0 50.0 43.0 47.0 
39.0 50.0 45.0 42.0 41.0 45.0 45.0 36.0 47.0 
54.0 48.0 55.0 52.0 50.0 57.0 57.0 42.0 47.0 
57.0 49.0 52.0 52.0 55.0 48.0 52.0 52.0 50.0 
55.0 41.0 50.0 35.0 42.0 45.0 44.0 34.0 46.0 
58.0 49.0 51.0 46.0 46.0 54.0 43.0 51.0 43.0 
42.0 45.0 49.0 48.0 43.0 44.0 40.0 43.0 35.0 
46.0 43.0 40.0 36.0 43.0 45.0 45.0 40.0 42.0 
52.0 42.0 44.0 40.0 46.0 42.0 42.0 45.0 43.0 
48.0 46.0 52.0 50.0 51.0 45.0 43.0 47.0 46.0 
45.0 55.0 56.0 48.0 45.0 52.0 48.0 52.0 51.0 
50.0 51.0 52.0 44.0 40.0 41.0 51.0 49.0 51.0 
48.0 54.0 53.0 52.0 52.0 52.0 45.0 47.0 41.0 
49.0 56.0 57.0 48.0 56.0 55.0 50.0 59.0 56.0 
51.0 55.0 47.0 54.0 47.0 53.0 50.0 53.0 53.0 
43.0 52.0 49.0 44.0 43.0 41.0 45.0 43.0 44.0 
44.0 50.0 49.0 45.0 53.0 50.0 46.0 44.0 48.0 
53.0 34.0 42.0 38.0 42.0 35.0 44.0 39.0 34.0 
40.0 43.0 39.0 38.0 41.0 37.0 38.0 40.0 34.0 
51.0 55.0 53.0 52.0 44.0 46.0 49.0 40.0 49.0 
53.0 51.0 42.0 48.0 45.0 55.0 51.0 57.0 48.0 
43.0 49.0 38.0 41.0 41.0 46.0 42.0 43.0 50.0 
54.0 47.0 54.0 46.0 54.0 55.0 52.0 55.0 49.0 
41.0 41.0 41.0 34.0 48.0 48.0 39.0 36.0 37.0 
41.0 45.0 47.0 46.0 53.0 44.0 44.0 44.0 48.0 
45.0 46.0 51.0 53.0 40.0 53.0 48.0 46.0 43.0 
51.0 50.0 44.0 48.0 52.0 50.0 57.0 57.0 55.0 
43.0 46.0 47.0 37.0 42.0 38.0 39.0 45.0 41.0 
41.0 51.0 56.0 42.0 50.0 52.0 40.0 46.0 48.0 
55.0 50.0 50.0 52.0 52.0 54.0 54.0 58.0 53.0 
33.0 44.0 47.0 42.0 48.0 43.0 45.0 47.0 47.0 
51.0 49.0 55.0 47.0 43.0 55.0 47.0 42.0 53.0 
49.0 51.0 45.0 51.0 42.0 53.0 53.0 53.0 50.0 
46.0 51.0 46.0 41.0 40.0 52.0 46.0 51.0 46.0 
40.0 50.0 46.0 49.0 48.0 50.0 54.0 55.0 41.0 
49.0 45.0 46.0 32.0 44.0 39.0 48.0 44.0 40.0 
52.0 51.0 44.0 53.0 50.0 48.0 41.0 54.0 52.0 
52.0 47.0 47.0 49.0 41.0 45.0 45.0 42.0 39.0 
50.0 54.0 41.0 48.0 41.0 50.0 50.0 41.0 46.0 
40.0 38.0 46.0 40.0 48.0 54.0 47.0 43.0 43.0 
40.0 36.0 43.0 46.0 53.0 55.0 48.0 52.0 48.0 
61.0 51.0 52.0 48.0 46.0 40.0 44.0 45.0 51.0 
51.0 42.0 47.0 40.0 55.0 47.0 51.0 45.0 52.0 
