55.0 51.0 44.0 46.0 47.0 50.0 50.0 48.0 49.0 50.0 52.0 46.0 52.0 43.0 45.0 51.0 59.0 54.0 51.0 41.0 49.0 44.0 48.0 41.0 48.0 52.0 52.0 53.0 43.0 42.0 37.0 41.0 
50.0 50.0 49.0 49.0 51.0 51.0 41.0 46.0 53.0 50.0 46.0 49.0 46.0 49.0 40.0 44.0 52.0 46.0 47.0 37.0 52.0 46.0 50.0 51.0 40.0 49.0 38.0 38.0 50.0 43.0 43.0 51.0 
42.0 48.0 32.0 50.0 48.0 54.0 40.0 53.0 48.0 51.0 56.0 47.0 49.0 45.0 53.0 46.0 46.0 46.0 40.0 40.0 54.0 54.0 43.0 51.0 43.0 49.0 53.0 49.0 43.0 42.0 44.0 46.0 
46.0 50.0 42.0 45.0 48.0 53.0 52.0 45.0 51.0 46.0 50.0 50.0 48.0 53.0 35.0 46.0 50.0 39.0 52.0 47.0 57.0 53.0 32.0 46.0 49.0 42.0 46.0 39.0 51.0 43.0 49.0 41.0 
51.0 51.0 43.0 47.0 46.0 52.0 47.0 56.0 46.0 46.0 53.0 55.0 56.0 49.0 44.0 47.0 46.0 47.0 42.0 47.0 47.0 53.0 45.0 47.0 42.0 46.0 45.0 44.0 52.0 38.0 48.0 40.0 
47.0 47.0 51.0 52.0 50.0 47.0 51.0 43.0 44.0 54.0 47.0 47.0 46.0 36.0 41.0 42.0 52.0 45.0 53.0 41.0 39.0 48.0 50.0 46.0 46.0 43.0 56.0 47.0 47.0 47.0 49.0 47.0 
53.0 40.0 45.0 46.0 55.0 54.0 46.0 50.0 42.0 46.0 52.0 41.0 49.0 53.0 45.0 51.0 44.0 54.0 43.0 52.0 45.0 46.0 45.0 50.0 34.0 47.0 46.0 41.0 45.0 40.0 52.0 51.0 
46.0 47.0 39.0 52.0 52.0 51.0 46.0 49.0 46.0 48.0 43.0 46.0 52.0 50.0 41.0 46.0 52.0 44.0 48.0 50.0 44.0 56.0 47.0 45.0 44.0 45.0 47.0 45.0 47.0 47.0 44.0 41.0 
42.0 45.0 53.0 50.0 42.0 44.0 52.0 48.0 39.0 50.0 44.0 59.0 47.0 56.0 51.0 46.0 52.0 44.0 44.0 40.0 45.0 54.0 43.0 50.0 48.0 52.0 51.0 51.0 51.0 41.0 38.0 48.0 
47.0 51.0 51.0 53.0 53.0 43.0 48.0 48.0 41.0 51.0 53.0 44.0 46.0 54.0 47.0 43.0 55.0 53.0 43.0 43.0 44.0 44.0 39.0 46.0 46.0 46.0 44.0 44.0 49.0 51.0 43.0 53.0 
