[[[[1.0, -1.0, -1.0], [-1.0, -1.0, 1.0], [-1.0, 1.0, 1.0]]],
[[[1.0, -1.0, -1.0], [-1.0, -1.0, -1.0], [-1.0, -1.0, 1.0]]],
[[[1.0, -1.0, -1.0], [-1.0, -1.0, -1.0], [-1.0, -1.0, 1.0]]],
[[[-1.0, -1.0, -1.0], [-1.0, -1.0, -1.0], [-1.0, -1.0, -1.0]]],
[[[1.0, 1.0, -1.0], [-1.0, 1.0, -1.0], [1.0, -1.0, -1.0]]],
[[[1.0, 1.0, -1.0], [-1.0, 1.0, 1.0], [-1.0, -1.0, 1.0]]],
[[[1.0, 1.0, -1.0], [-1.0, 1.0, 1.0], [-1.0, -1.0, 1.0]]],
[[[-1.0, -1.0, -1.0], [-1.0, -1.0, -1.0], [-1.0, -1.0, -1.0]]],
[[[-1.0, -1.0, -1.0], [-1.0, -1.0, -1.0], [1.0, -1.0, 1.0]]],
[[[1.0, -1.0, 1.0], [1.0, -1.0, -1.0], [1.0, 1.0, -1.0]]],
[[[1.0, -1.0, 1.0], [1.0, -1.0, -1.0], [1.0, 1.0, -1.0]]],
[[[1.0, 1.0, 1.0], [1.0, 1.0, -1.0], [-1.0, 1.0, -1.0]]],
[[[1.0, 1.0, 1.0], [1.0, 1.0, 1.0], [1.0, 1.0, 1.0]]],
[[[1.0, -1.0, -1.0], [-1.0, 1.0, 1.0], [-1.0, 1.0, 1.0]]],
[[[1.0, 1.0, 1.0], [1.0, 1.0, 1.0], [1.0, 1.0, 1.0]]],
[[[1.0, 1.0, 1.0], [-1.0, -1.0, -1.0], [-1.0, -1.0, 1.0]]],
[[[1.0, 1.0, 1.0], [1.0, 1.0, 1.0], [1.0, 1.0, 1.0]]],
[[[1.0, -1.0, -1.0], [1.0, -1.0, -1.0], [1.0, -1.0, -1.0]]],
[[[1.0, -1.0, 1.0], [-1.0, -1.0, 1.0], [1.0, 1.0, 1.0]]],
[[[-1.0, -1.0, -1.0], [-1.0, -1.0, -1.0], [-1.0, -1.0, -1.0]]],
[[[1.0, 1.0, 1.0], [1.0, 1.0, 1.0], [1.0, 1.0, 1.0]]],
[[[-1.0, -1.0, -1.0], [-1.0, -1.0, -1.0], [-1.0, -1.0, -1.0]]],
[[[1.0, -1.0, 1.0], [-1.0, 1.0, -1.0], [1.0, -1.0, -1.0]]],
[[[1.0, -1.0, -1.0], [1.0, -1.0, 1.0], [-1.0, -1.0, 1.0]]],
[[[1.0, -1.0, -1.0], [1.0, -1.0, 1.0], [-1.0, -1.0, 1.0]]],
[[[-1.0, 1.0, -1.0], [1.0, 1.0, -1.0], [-1.0, 1.0, 1.0]]],
[[[1.0, 1.0, 1.0], [1.0, 1.0, 1.0], [1.0, 1.0, 1.0]]],
[[[-1.0, -1.0, -1.0], [-1.0, -1.0, -1.0], [-1.0, -1.0, -1.0]]],
[[[1.0, 1.0, 1.0], [1.0, 1.0, 1.0], [1.0, 1.0, 1.0]]],
[[[1.0, 1.0, 1.0], [1.0, -1.0, 1.0], [-1.0, -1.0, -1.0]]],
[[[1.0, 1.0, 1.0], [1.0, -1.0, 1.0], [-1.0, -1.0, -1.0]]],
[[[-1.0, 1.0, 1.0], [-1.0, 1.0, 1.0], [-1.0, -1.0, 1.0]]],
[[[-1.0, 1.0, 1.0], [-1.0, 1.0, 1.0], [-1.0, -1.0, 1.0]]],
[[[-1.0, -1.0, -1.0], [-1.0, -1.0, -1.0], [-1.0, -1.0, -1.0]]],
[[[-1.0, 1.0, 1.0], [-1.0, -1.0, 1.0], [-1.0, -1.0, 1.0]]],
[[[-1.0, -1.0, 1.0], [1.0, 1.0, 1.0], [1.0, 1.0, -1.0]]],
[[[1.0, 1.0, 1.0], [1.0, 1.0, 1.0], [1.0, 1.0, 1.0]]],
[[[-1.0, -1.0, 1.0], [-1.0, -1.0, 1.0], [1.0, -1.0, -1.0]]],
[[[-1.0, 1.0, 1.0], [-1.0, -1.0, -1.0], [-1.0, -1.0, 1.0]]],
[[[1.0, -1.0, -1.0], [1.0, 1.0, 1.0], [1.0, -1.0, -1.0]]],
[[[-1.0, -1.0, 1.0], [1.0, -1.0, 1.0], [1.0, -1.0, 1.0]]],
[[[1.0, 1.0, -1.0], [-1.0, 1.0, -1.0], [-1.0, 1.0, 1.0]]],
[[[1.0, 1.0, -1.0], [-1.0, 1.0, -1.0], [-1.0, 1.0, 1.0]]],
[[[1.0, 1.0, 1.0], [1.0, 1.0, -1.0], [-1.0, 1.0, -1.0]]],
[[[1.0, 1.0, 1.0], [1.0, -1.0, -1.0], [-1.0, -1.0, -1.0]]],
[[[1.0, 1.0, 1.0], [1.0, 1.0, 1.0], [-1.0, 1.0, -1.0]]],
[[[1.0, 1.0, 1.0], [1.0, 1.0, 1.0], [1.0, 1.0, 1.0]]],
[[[-1.0, -1.0, -1.0], [-1.0, 1.0, 1.0], [1.0, 1.0, -1.0]]],
[[[-1.0, -1.0, -1.0], [-1.0, 1.0, 1.0], [1.0, 1.0, -1.0]]],
[[[-1.0, 1.0, 1.0], [-1.0, 1.0, 1.0], [-1.0, -1.0, -1.0]]],
[[[-1.0, 1.0, 1.0], [-1.0, 1.0, 1.0], [-1.0, -1.0, -1.0]]],
[[[-1.0, -1.0, -1.0], [1.0, 1.0, 1.0], [1.0, 1.0, -1.0]]],
[[[-1.0, -1.0, -1.0], [1.0, 1.0, 1.0], [1.0, 1.0, -1.0]]],
[[[1.0, 1.0, -1.0], [1.0, -1.0, -1.0], [1.0, 1.0, -1.0]]],
[[[1.0, 1.0, -1.0], [1.0, 1.0, -1.0], [1.0, -1.0, -1.0]]],
[[[-1.0, -1.0, 1.0], [-1.0, 1.0, 1.0], [-1.0, 1.0, 1.0]]],
[[[-1.0, -1.0, 1.0], [-1.0, 1.0, 1.0], [-1.0, 1.0, 1.0]]],
[[[1.0, 1.0, -1.0], [-1.0, -1.0, -1.0], [1.0, 1.0, -1.0]]],
[[[1.0, 1.0, 1.0], [1.0, 1.0, 1.0], [1.0, 1.0, 1.0]]],
[[[1.0, -1.0, 1.0], [-1.0, -1.0, 1.0], [-1.0, 1.0, 1.0]]],
[[[1.0, -1.0, 1.0], [-1.0, -1.0, 1.0], [-1.0, 1.0, 1.0]]],
[[[-1.0, -1.0, -1.0], [-1.0, -1.0, -1.0], [-1.0, -1.0, -1.0]]],
[[[1.0, 1.0, 1.0], [1.0, 1.0, 1.0], [1.0, 1.0, 1.0]]],
[[[9.80908925027372e-45, 0.0, 1.2611686178923354e-44], [0.0, 9.80908925027372e-45, 0.0], [1.1210387714598537e-44, 0.0, 2.802596928649634e-45]]]]