2.37 2.29 1.83 2.0 2.0 2.06 2.37 1.94 1.94 2.21 2.21 1.78 2.21 1.88 1.94 2.21 3.05 2.56 2.37 1.73 2.29 1.94 1.94 1.56 2.06 2.46 2.06 2.13 1.68 1.73 1.56 1.56 
2.06 2.13 2.0 2.13 2.06 2.06 1.83 2.06 2.21 2.13 1.88 2.13 2.0 1.94 1.6 1.78 2.0 1.94 1.83 1.56 2.56 1.94 2.06 2.13 1.68 2.0 1.64 1.6 2.06 1.73 1.78 2.06 
1.68 2.13 1.49 2.13 2.29 2.56 1.6 2.29 2.0 2.0 2.78 2.0 2.37 1.88 2.29 2.0 2.06 1.78 1.6 1.6 2.46 2.13 1.83 2.06 1.78 2.13 2.21 2.13 1.68 1.64 1.78 1.83 
1.88 1.94 1.73 2.0 1.94 2.37 2.29 1.88 2.13 2.0 2.0 2.29 1.94 2.21 1.56 1.88 2.21 1.6 2.21 2.0 2.67 2.06 1.42 2.0 2.06 1.78 1.83 1.64 2.06 1.68 2.0 1.64 
2.06 2.13 1.78 1.83 1.88 2.21 2.06 2.46 1.94 1.83 2.29 2.29 2.56 1.88 1.83 2.0 1.94 1.94 1.64 1.83 2.0 2.37 1.94 1.94 1.64 1.83 1.83 1.88 2.29 1.52 2.06 1.64 
1.83 1.94 2.13 2.06 2.21 1.94 2.06 1.73 1.83 2.67 2.06 1.78 1.88 1.56 1.73 1.78 2.56 2.13 2.0 1.83 1.6 2.0 2.46 2.06 1.94 1.78 2.29 2.13 1.88 2.0 2.06 1.94 
2.37 1.78 1.73 1.88 2.56 2.29 2.0 2.29 1.73 2.0 2.21 1.68 2.21 2.67 1.83 2.29 1.78 2.21 1.73 2.46 1.94 1.88 2.0 1.94 1.49 1.94 1.88 1.64 1.94 1.68 2.06 2.0 
1.94 2.06 1.64 2.21 2.29 2.06 1.94 2.0 1.94 2.0 1.73 1.88 2.13 1.88 1.78 2.21 2.21 1.88 1.78 1.88 1.88 2.56 1.83 1.78 1.83 2.0 2.0 1.83 1.88 1.78 1.78 1.73 
1.64 1.94 2.46 2.06 1.78 2.0 1.94 2.06 1.56 2.13 1.83 2.67 2.0 2.56 2.21 1.83 2.21 1.83 1.88 1.78 1.88 2.21 1.94 2.06 2.06 2.0 2.29 2.21 2.29 1.68 1.64 1.94 
2.0 2.29 1.88 2.21 2.37 1.73 2.13 2.0 1.68 2.13 2.29 1.88 2.13 2.37 1.88 1.88 2.29 2.56 1.73 1.73 1.83 1.73 1.56 1.83 1.88 2.06 1.88 1.68 2.0 2.13 1.83 2.13 
