27.0 28.0 35.0 32.0 32.0 31.0 27.0 33.0 33.0 29.0 29.0 36.0 29.0 34.0 33.0 29.0 21.0 25.0 27.0 37.0 28.0 33.0 33.0 41.0 31.0 26.0 31.0 30.0 38.0 37.0 41.0 41.0 
31.0 30.0 32.0 30.0 31.0 31.0 35.0 31.0 29.0 30.0 34.0 30.0 32.0 33.0 40.0 36.0 32.0 33.0 35.0 41.0 25.0 33.0 31.0 30.0 38.0 32.0 39.0 40.0 31.0 37.0 36.0 31.0 
38.0 30.0 43.0 30.0 28.0 25.0 40.0 28.0 32.0 32.0 23.0 32.0 27.0 34.0 28.0 32.0 31.0 36.0 40.0 40.0 26.0 30.0 35.0 31.0 36.0 30.0 29.0 30.0 38.0 39.0 36.0 35.0 
34.0 33.0 37.0 32.0 33.0 27.0 28.0 34.0 30.0 32.0 32.0 28.0 33.0 29.0 41.0 34.0 29.0 40.0 29.0 32.0 24.0 31.0 45.0 32.0 31.0 36.0 35.0 39.0 31.0 38.0 32.0 39.0 
31.0 30.0 36.0 35.0 34.0 29.0 31.0 26.0 33.0 35.0 28.0 28.0 25.0 34.0 35.0 32.0 33.0 33.0 39.0 35.0 32.0 27.0 33.0 33.0 39.0 35.0 35.0 34.0 28.0 42.0 31.0 39.0 
35.0 33.0 30.0 31.0 29.0 33.0 31.0 37.0 35.0 24.0 31.0 36.0 34.0 41.0 37.0 36.0 25.0 30.0 32.0 35.0 40.0 32.0 26.0 31.0 33.0 36.0 28.0 30.0 34.0 32.0 31.0 33.0 
27.0 36.0 37.0 34.0 25.0 28.0 32.0 28.0 37.0 32.0 29.0 38.0 29.0 24.0 35.0 28.0 36.0 29.0 37.0 26.0 33.0 34.0 32.0 33.0 43.0 33.0 34.0 39.0 33.0 38.0 31.0 32.0 
33.0 31.0 39.0 29.0 28.0 31.0 33.0 32.0 33.0 32.0 37.0 34.0 30.0 34.0 36.0 29.0 29.0 34.0 36.0 34.0 34.0 25.0 35.0 36.0 35.0 32.0 32.0 35.0 34.0 36.0 36.0 37.0 
39.0 33.0 26.0 31.0 36.0 32.0 33.0 31.0 41.0 30.0 35.0 24.0 32.0 25.0 29.0 35.0 29.0 35.0 34.0 36.0 34.0 29.0 33.0 31.0 31.0 32.0 28.0 29.0 28.0 38.0 39.0 33.0 
32.0 28.0 34.0 29.0 27.0 37.0 30.0 32.0 38.0 30.0 28.0 34.0 30.0 27.0 34.0 34.0 28.0 25.0 37.0 37.0 35.0 37.0 41.0 35.0 34.0 31.0 34.0 38.0 32.0 30.0 35.0 30.0 
