[[[[1.0, -1.0, -1.0], [-1.0, -1.0, 1.0], [-1.0, 1.0, 1.0]]],
[[[-1.0, 1.0, 1.0], [-1.0, -1.0, 1.0], [-1.0, 1.0, -1.0]]],
[[[1.0, -1.0, -1.0], [-1.0, -1.0, -1.0], [-1.0, -1.0, 1.0]]],
[[[1.0, 1.0, -1.0], [-1.0, 1.0, -1.0], [1.0, -1.0, -1.0]]],
[[[1.0, 1.0, -1.0], [-1.0, 1.0, -1.0], [1.0, -1.0, -1.0]]],
[[[-1.0, -1.0, -1.0], [-1.0, -1.0, -1.0], [-1.0, -1.0, -1.0]]],
[[[1.0, -1.0, -1.0], [1.0, 1.0, -1.0], [1.0, 1.0, -1.0]]],
[[[1.0, 1.0, -1.0], [-1.0, 1.0, -1.0], [-1.0, 1.0, -1.0]]],
[[[1.0, 1.0, -1.0], [-1.0, 1.0, -1.0], [-1.0, 1.0, -1.0]]],
[[[-1.0, -1.0, -1.0], [-1.0, -1.0, -1.0], [1.0, -1.0, 1.0]]],
[[[1.0, -1.0, 1.0], [1.0, -1.0, -1.0], [1.0, 1.0, -1.0]]],
[[[-1.0, -1.0, -1.0], [-1.0, -1.0, -1.0], [-1.0, -1.0, -1.0]]],
[[[1.0, 1.0, 1.0], [1.0, 1.0, -1.0], [-1.0, 1.0, -1.0]]],
[[[1.0, -1.0, -1.0], [-1.0, 1.0, 1.0], [-1.0, 1.0, 1.0]]],
[[[-1.0, -1.0, -1.0], [-1.0, -1.0, 1.0], [1.0, 1.0, 1.0]]],
[[[1.0, 1.0, 1.0], [-1.0, -1.0, -1.0], [-1.0, -1.0, 1.0]]],
[[[-1.0, -1.0, 1.0], [-1.0, -1.0, 1.0], [-1.0, -1.0, -1.0]]],
[[[-1.0, -1.0, 1.0], [-1.0, -1.0, 1.0], [-1.0, -1.0, -1.0]]],
[[[1.0, -1.0, -1.0], [1.0, -1.0, -1.0], [1.0, -1.0, -1.0]]],
[[[-1.0, 1.0, 1.0], [1.0, 1.0, 1.0], [1.0, 1.0, 1.0]]],
[[[-1.0, -1.0, 1.0], [-1.0, -1.0, 1.0], [-1.0, -1.0, 1.0]]],
[[[1.0, -1.0, 1.0], [-1.0, 1.0, -1.0], [1.0, -1.0, -1.0]]],
[[[-1.0, -1.0, -1.0], [1.0, 1.0, -1.0], [1.0, 1.0, -1.0]]],
[[[-1.0, -1.0, -1.0], [1.0, 1.0, -1.0], [1.0, 1.0, -1.0]]],
[[[1.0, -1.0, 1.0], [1.0, 1.0, -1.0], [-1.0, 1.0, -1.0]]],
[[[1.0, -1.0, 1.0], [1.0, 1.0, -1.0], [-1.0, 1.0, -1.0]]],
[[[-1.0, 1.0, -1.0], [1.0, 1.0, -1.0], [-1.0, 1.0, 1.0]]],
[[[-1.0, -1.0, -1.0], [-1.0, -1.0, -1.0], [1.0, -1.0, -1.0]]],
[[[-1.0, 1.0, 1.0], [-1.0, 1.0, 1.0], [-1.0, 1.0, 1.0]]],
[[[1.0, 1.0, 1.0], [1.0, -1.0, 1.0], [-1.0, -1.0, -1.0]]],
[[[1.0, 1.0, 1.0], [1.0, -1.0, 1.0], [-1.0, -1.0, -1.0]]],
[[[-1.0, 1.0, 1.0], [-1.0, 1.0, 1.0], [-1.0, -1.0, 1.0]]],
[[[-1.0, 1.0, 1.0], [-1.0, 1.0, 1.0], [-1.0, -1.0, 1.0]]],
[[[1.0, -1.0, -1.0], [-1.0, -1.0, 1.0], [-1.0, -1.0, 1.0]]],
[[[-1.0, 1.0, 1.0], [-1.0, -1.0, 1.0], [-1.0, -1.0, 1.0]]],
[[[-1.0, -1.0, -1.0], [-1.0, -1.0, -1.0], [-1.0, -1.0, -1.0]]],
[[[1.0, 1.0, 1.0], [1.0, 1.0, 1.0], [1.0, 1.0, 1.0]]],
[[[-1.0, 1.0, 1.0], [1.0, 1.0, -1.0], [-1.0, -1.0, 1.0]]],
[[[1.0, 1.0, 1.0], [1.0, 1.0, 1.0], [1.0, 1.0, 1.0]]],
[[[-1.0, -1.0, 1.0], [-1.0, 1.0, 1.0], [-1.0, 1.0, 1.0]]],
[[[-1.0, -1.0, 1.0], [-1.0, 1.0, 1.0], [-1.0, 1.0, 1.0]]],
[[[-1.0, -1.0, 1.0], [1.0, -1.0, 1.0], [1.0, -1.0, 1.0]]],
[[[1.0, 1.0, 1.0], [1.0, 1.0, 1.0], [1.0, 1.0, 1.0]]],
[[[1.0, 1.0, -1.0], [-1.0, 1.0, 1.0], [-1.0, 1.0, -1.0]]],
[[[1.0, -1.0, -1.0], [1.0, -1.0, -1.0], [1.0, 1.0, -1.0]]],
[[[1.0, -1.0, -1.0], [1.0, -1.0, -1.0], [1.0, 1.0, -1.0]]],
[[[1.0, 1.0, -1.0], [1.0, 1.0, -1.0], [-1.0, 1.0, -1.0]]],
[[[-1.0, -1.0, -1.0], [-1.0, -1.0, -1.0], [-1.0, -1.0, -1.0]]],
[[[-1.0, -1.0, -1.0], [-1.0, 1.0, 1.0], [1.0, 1.0, -1.0]]],
[[[1.0, -1.0, 1.0], [1.0, 1.0, -1.0], [1.0, 1.0, -1.0]]],
[[[-1.0, 1.0, 1.0], [-1.0, 1.0, 1.0], [-1.0, -1.0, -1.0]]],
[[[-1.0, 1.0, -1.0], [1.0, 1.0, -1.0], [1.0, -1.0, -1.0]]],
[[[-1.0, -1.0, -1.0], [1.0, 1.0, 1.0], [1.0, 1.0, -1.0]]],
[[[1.0, 1.0, -1.0], [1.0, -1.0, -1.0], [1.0, 1.0, -1.0]]],
[[[1.0, 1.0, 1.0], [1.0, 1.0, 1.0], [1.0, 1.0, 1.0]]],
[[[-1.0, -1.0, -1.0], [-1.0, -1.0, -1.0], [-1.0, -1.0, -1.0]]],
[[[-1.0, -1.0, 1.0], [-1.0, 1.0, 1.0], [-1.0, 1.0, 1.0]]],
[[[1.0, 1.0, -1.0], [-1.0, -1.0, -1.0], [1.0, 1.0, -1.0]]],
[[[1.0, -1.0, 1.0], [-1.0, -1.0, 1.0], [-1.0, 1.0, 1.0]]],
[[[-1.0, -1.0, -1.0], [-1.0, -1.0, -1.0], [-1.0, -1.0, -1.0]]],
[[[1.0, -1.0, 1.0], [-1.0, -1.0, 1.0], [-1.0, 1.0, 1.0]]],
[[[-1.0, 1.0, -1.0], [1.0, 1.0, -1.0], [-1.0, -1.0, -1.0]]],
[[[1.0, 1.0, 1.0], [1.0, 1.0, 1.0], [1.0, 1.0, 1.0]]],
[[[0.00024014957307372242, 0.0014354924205690622, -0.10002518445253372], [0.2630020081996918, 0.07829608023166656, 0.14428995549678802], [-0.15605220198631287, -0.08467059582471848, 0.0532192625105381]]]]