[[[[-1.0, 1.0, 1.0], [-1.0, -1.0, 1.0], [-1.0, 1.0, -1.0]]],
[[[-1.0, -1.0, -1.0], [-1.0, -1.0, -1.0], [-1.0, -1.0, -1.0]]],
[[[1.0, 1.0, 1.0], [1.0, 1.0, 1.0], [1.0, 1.0, 1.0]]],
[[[1.0, 1.0, -1.0], [-1.0, 1.0, 1.0], [-1.0, -1.0, 1.0]]],
[[[1.0, 1.0, -1.0], [-1.0, 1.0, -1.0], [1.0, -1.0, -1.0]]],
[[[-1.0, -1.0, -1.0], [-1.0, -1.0, -1.0], [-1.0, -1.0, -1.0]]],
[[[1.0, 1.0, 1.0], [1.0, 1.0, 1.0], [1.0, 1.0, -1.0]]],
[[[1.0, 1.0, 1.0], [-1.0, -1.0, 1.0], [1.0, 1.0, 1.0]]],
[[[1.0, 1.0, 1.0], [1.0, 1.0, 1.0], [1.0, 1.0, 1.0]]],
[[[-1.0, -1.0, -1.0], [-1.0, -1.0, -1.0], [1.0, -1.0, 1.0]]],
[[[-1.0, -1.0, -1.0], [1.0, 1.0, -1.0], [-1.0, 1.0, 1.0]]],
[[[-1.0, -1.0, -1.0], [-1.0, 1.0, 1.0], [-1.0, 1.0, 1.0]]],
[[[1.0, 1.0, 1.0], [1.0, 1.0, 1.0], [1.0, 1.0, 1.0]]],
[[[-1.0, -1.0, -1.0], [-1.0, -1.0, -1.0], [-1.0, -1.0, -1.0]]],
[[[1.0, 1.0, 1.0], [1.0, 1.0, 1.0], [1.0, 1.0, 1.0]]],
[[[1.0, 1.0, 1.0], [-1.0, -1.0, -1.0], [-1.0, -1.0, 1.0]]],
[[[1.0, -1.0, -1.0], [1.0, -1.0, -1.0], [1.0, -1.0, -1.0]]],
[[[-1.0, -1.0, -1.0], [-1.0, -1.0, -1.0], [-1.0, -1.0, -1.0]]],
[[[-1.0, -1.0, -1.0], [1.0, 1.0, -1.0], [1.0, 1.0, -1.0]]],
[[[1.0, -1.0, 1.0], [1.0, 1.0, -1.0], [-1.0, 1.0, -1.0]]],
[[[1.0, 1.0, 1.0], [1.0, 1.0, 1.0], [1.0, 1.0, 1.0]]],
[[[-1.0, -1.0, -1.0], [-1.0, -1.0, -1.0], [-1.0, -1.0, -1.0]]],
[[[1.0, 1.0, 1.0], [-1.0, 1.0, 1.0], [-1.0, 1.0, 1.0]]],
[[[-1.0, -1.0, -1.0], [1.0, 1.0, -1.0], [1.0, 1.0, -1.0]]],
[[[1.0, -1.0, 1.0], [1.0, 1.0, -1.0], [-1.0, 1.0, -1.0]]],
[[[1.0, -1.0, 1.0], [1.0, 1.0, -1.0], [-1.0, 1.0, -1.0]]],
[[[1.0, 1.0, 1.0], [1.0, 1.0, 1.0], [1.0, 1.0, 1.0]]],
[[[-1.0, -1.0, -1.0], [-1.0, -1.0, -1.0], [-1.0, -1.0, -1.0]]],
[[[1.0, 1.0, 1.0], [1.0, 1.0, 1.0], [1.0, 1.0, 1.0]]],
[[[-1.0, 1.0, 1.0], [-1.0, 1.0, 1.0], [-1.0, -1.0, 1.0]]],
[[[1.0, 1.0, 1.0], [1.0, -1.0, 1.0], [-1.0, -1.0, -1.0]]],
[[[1.0, -1.0, -1.0], [-1.0, -1.0, 1.0], [-1.0, -1.0, 1.0]]],
[[[1.0, -1.0, -1.0], [1.0, -1.0, -1.0], [1.0, -1.0, 1.0]]],
[[[1.0, 1.0, 1.0], [-1.0, -1.0, 1.0], [-1.0, -1.0, 1.0]]],
[[[1.0, 1.0, 1.0], [1.0, 1.0, 1.0], [1.0, 1.0, 1.0]]],
[[[-1.0, -1.0, -1.0], [-1.0, -1.0, -1.0], [-1.0, -1.0, -1.0]]],
[[[1.0, 1.0, 1.0], [1.0, -1.0, -1.0], [-1.0, -1.0, 1.0]]],
[[[-1.0, -1.0, -1.0], [-1.0, -1.0, -1.0], [-1.0, -1.0, -1.0]]],
[[[1.0, 1.0, 1.0], [1.0, 1.0, 1.0], [1.0, 1.0, 1.0]]],
[[[1.0, -1.0, -1.0], [1.0, 1.0, 1.0], [1.0, -1.0, -1.0]]],
[[[-1.0, -1.0, 1.0], [1.0, -1.0, 1.0], [1.0, -1.0, 1.0]]],
[[[-1.0, -1.0, 1.0], [1.0, -1.0, 1.0], [1.0, -1.0, 1.0]]],
[[[1.0, 1.0, 1.0], [1.0, 1.0, 1.0], [1.0, 1.0, 1.0]]],
[[[1.0, 1.0, 1.0], [1.0, -1.0, -1.0], [-1.0, -1.0, -1.0]]],
[[[-1.0, -1.0, 1.0], [-1.0, 1.0, 1.0], [1.0, 1.0, -1.0]]],
[[[-1.0, -1.0, -1.0], [-1.0, -1.0, -1.0], [-1.0, -1.0, -1.0]]],
[[[-1.0, -1.0, 1.0], [1.0, 1.0, 1.0], [1.0, 1.0, -1.0]]],
[[[-1.0, -1.0, -1.0], [-1.0, -1.0, -1.0], [-1.0, -1.0, -1.0]]],
[[[1.0, 1.0, 1.0], [1.0, 1.0, 1.0], [1.0, 1.0, 1.0]]],
[[[1.0, -1.0, 1.0], [1.0, 1.0, -1.0], [1.0, 1.0, -1.0]]],
[[[1.0, 1.0, 1.0], [1.0, 1.0, 1.0], [1.0, 1.0, 1.0]]],
[[[-1.0, -1.0, -1.0], [-1.0, -1.0, -1.0], [-1.0, -1.0, -1.0]]],
[[[-1.0, -1.0, -1.0], [1.0, 1.0, 1.0], [1.0, 1.0, -1.0]]],
[[[-1.0, -1.0, -1.0], [-1.0, -1.0, -1.0], [-1.0, -1.0, -1.0]]],
[[[1.0, 1.0, 1.0], [1.0, 1.0, 1.0], [1.0, 1.0, 1.0]]],
[[[-1.0, -1.0, -1.0], [-1.0, -1.0, -1.0], [-1.0, -1.0, -1.0]]],
[[[-1.0, -1.0, 1.0], [-1.0, 1.0, 1.0], [-1.0, 1.0, 1.0]]],
[[[-1.0, -1.0, 1.0], [-1.0, 1.0, 1.0], [-1.0, -1.0, 1.0]]],
[[[0.0, 7.006492321624085e-45, 0.0], [4.203895392974451e-45, 0.0, 4.203895392974451e-45], [0.0, 9.80908925027372e-45, 0.0]]],
[[[-1.0, -1.0, -1.0], [-1.0, -1.0, -1.0], [-1.0, -1.0, -1.0]]],
[[[1.0, -1.0, 1.0], [-1.0, -1.0, 1.0], [-1.0, 1.0, 1.0]]],
[[[-1.0, -1.0, -1.0], [-1.0, -1.0, -1.0], [-1.0, -1.0, -1.0]]],
[[[-1.0, -1.0, -1.0], [-1.0, -1.0, -1.0], [-1.0, -1.0, -1.0]]],
[[[1.0, 1.0, -1.0], [1.0, -1.0, -1.0], [-1.0, -1.0, 1.0]]]]