3.12 3.6 5.2 4.0 4.0 3.57 3.14 3.78 4.5 
4.11 4.33 5.0 4.6 3.14 5.17 3.83 3.29 4.12 
3.2 3.71 4.0 3.57 3.17 3.4 3.0 3.0 3.25 
3.5 5.0 4.67 3.83 3.5 3.5 3.67 3.6 3.5 
6.2 4.29 5.83 4.56 4.0 4.29 3.57 5.12 4.62 
3.9 3.62 5.0 3.75 3.57 4.0 4.25 3.88 4.33 
3.22 3.4 3.33 3.25 3.0 4.0 3.17 3.29 3.5 
3.17 3.62 7.75 3.12 3.86 3.0 4.67 3.57 4.25 
3.77 3.92 5.22 4.67 3.46 3.5 3.91 4.2 3.91 
4.0 3.71 3.33 4.2 3.33 3.43 3.6 3.57 3.5 
3.57 3.75 3.67 3.75 4.1 4.29 3.44 4.0 4.43 
4.18 3.78 3.78 3.5 3.45 4.44 4.12 3.8 3.64 
3.67 4.43 4.29 4.29 5.0 4.0 4.0 3.57 4.38 
3.89 4.5 4.33 3.82 4.2 3.54 3.9 4.0 3.92 
4.62 3.75 4.5 4.4 4.22 4.67 4.88 3.92 4.67 
4.3 6.33 5.6 4.5 3.29 3.57 4.0 3.5 3.86 
3.69 4.08 3.82 4.4 4.1 4.0 5.0 3.92 4.78 
3.57 4.67 4.12 3.86 4.4 4.14 3.75 4.3 4.0 
3.25 3.33 3.4 3.33 3.33 3.6 3.8 3.12 3.17 
3.71 3.1 4.33 3.5 3.62 3.44 3.78 3.27 4.0 
3.89 3.5 4.67 4.0 3.89 3.33 3.8 4.0 3.86 
4.2 3.86 4.0 4.83 4.5 4.0 4.25 3.44 4.25 
4.25 4.8 3.75 3.6 3.67 4.25 3.25 0.0 3.5 
4.0 3.56 3.92 4.22 3.5 3.75 4.27 4.0 3.44 
3.86 4.17 5.6 3.5 3.5 3.75 3.82 3.6 3.5 
4.12 4.2 4.0 3.0 3.33 3.83 5.0 4.67 3.75 
3.82 3.44 3.67 4.8 4.0 3.75 3.44 3.44 3.62 
3.5 3.67 3.5 3.33 3.4 3.2 3.0 3.0 3.0 
4.25 3.86 3.43 3.0 4.33 4.5 3.5 3.6 3.2 
3.56 3.5 4.67 3.33 3.71 3.33 3.0 3.67 5.5 
4.29 4.0 4.86 3.5 4.14 3.57 3.17 4.17 3.33 
3.17 3.5 3.0 3.43 3.86 3.33 3.33 3.6 3.38 
3.0 3.0 3.0 3.0 3.5 3.5 3.67 3.38 3.5 
3.11 4.75 3.58 4.2 3.5 3.4 4.62 3.7 3.38 
3.29 4.2 4.1 4.0 3.33 3.42 3.5 3.75 3.78 
4.33 4.5 6.5 4.0 3.44 3.67 4.0 3.9 3.75 
3.83 4.0 4.12 3.67 3.38 3.8 4.71 3.62 4.0 
3.4 5.2 3.5 3.8 3.4 3.75 3.33 3.33 4.0 
3.62 4.4 4.5 4.0 3.67 4.25 3.25 3.29 3.5 
3.67 5.67 3.17 3.0 3.5 3.4 3.2 3.33 3.33 
4.5 4.78 4.08 5.5 4.0 4.44 3.91 5.33 4.3 
4.38 3.89 3.5 4.0 3.38 4.1 3.5 3.91 3.5 
3.4 5.17 4.0 3.86 3.25 3.33 3.67 3.8 4.0 
3.82 3.62 4.67 3.33 3.5 3.89 3.56 3.92 3.3 
3.0 3.0 3.12 3.2 3.0 3.0 3.4 3.33 3.4 
3.17 3.67 3.88 3.78 3.57 4.0 3.67 3.0 3.67 
3.22 3.6 3.73 3.9 3.71 3.62 3.56 3.4 3.44 
3.55 4.57 3.78 4.0 3.64 4.5 4.1 4.45 4.38 
3.29 3.5 4.88 3.0 3.25 5.0 3.4 3.57 3.4 
3.12 6.83 5.0 4.5 3.56 4.33 3.6 3.33 4.33 
5.3 3.82 3.78 4.0 3.78 3.83 5.11 3.83 3.89 
3.0 3.14 3.29 3.33 3.67 3.0 3.8 3.0 3.75 
3.55 4.71 4.09 3.67 3.88 3.75 3.57 3.5 4.09 
3.5 3.4 3.29 3.38 3.25 3.89 3.55 3.62 4.75 
4.0 4.5 4.0 3.88 3.67 3.5 4.0 4.1 4.0 
4.0 3.8 5.33 3.29 4.0 3.6 3.8 4.27 3.4 
3.5 4.33 3.33 3.0 3.0 3.5 3.33 3.2 3.33 
4.0 3.8 3.43 3.55 4.4 3.6 3.12 3.45 4.0 
3.33 3.5 4.14 3.25 3.25 3.4 3.0 3.2 3.0 
3.25 3.64 3.5 3.75 3.62 4.0 4.0 4.2 3.45 
3.6 4.0 4.0 3.5 3.25 4.0 3.75 3.5 3.83 
3.0 3.5 3.4 3.75 4.1 4.7 3.5 3.33 3.56 
4.56 4.62 4.25 4.25 3.78 3.67 4.0 3.83 4.43 
3.44 3.2 4.17 3.0 3.89 4.2 3.86 3.12 4.4 
