25.0 18.0 26.0 36.0 16.0 25.0 22.0 34.0 27.0 
37.0 26.0 25.0 23.0 22.0 31.0 23.0 23.0 33.0 
32.0 26.0 16.0 25.0 19.0 17.0 18.0 21.0 13.0 
14.0 5.0 14.0 23.0 14.0 7.0 11.0 18.0 7.0 
31.0 30.0 35.0 41.0 16.0 30.0 25.0 41.0 37.0 
39.0 29.0 35.0 30.0 25.0 40.0 34.0 31.0 39.0 
29.0 17.0 20.0 13.0 24.0 28.0 19.0 23.0 21.0 
19.0 29.0 31.0 25.0 27.0 18.0 14.0 25.0 34.0 
49.0 51.0 47.0 42.0 45.0 35.0 43.0 42.0 43.0 
16.0 26.0 10.0 21.0 10.0 24.0 18.0 25.0 28.0 
25.0 45.0 22.0 30.0 41.0 30.0 31.0 44.0 31.0 
46.0 34.0 34.0 35.0 38.0 40.0 33.0 38.0 40.0 
22.0 31.0 30.0 30.0 45.0 32.0 24.0 25.0 35.0 
35.0 45.0 39.0 42.0 42.0 46.0 39.0 40.0 51.0 
37.0 30.0 27.0 44.0 38.0 28.0 39.0 51.0 28.0 
43.0 19.0 28.0 27.0 23.0 25.0 24.0 14.0 27.0 
48.0 53.0 42.0 44.0 41.0 44.0 45.0 51.0 43.0 
25.0 14.0 33.0 27.0 22.0 29.0 30.0 43.0 24.0 
26.0 20.0 17.0 20.0 30.0 18.0 19.0 25.0 19.0 
26.0 31.0 26.0 28.0 29.0 31.0 34.0 36.0 32.0 
35.0 28.0 28.0 24.0 35.0 40.0 38.0 28.0 27.0 
21.0 27.0 20.0 29.0 27.0 28.0 34.0 31.0 17.0 
17.0 24.0 15.0 18.0 11.0 17.0 13.0 0.0 21.0 
44.0 32.0 47.0 38.0 28.0 45.0 47.0 24.0 31.0 
27.0 25.0 28.0 28.0 21.0 30.0 42.0 36.0 14.0 
33.0 21.0 32.0 9.0 20.0 23.0 20.0 14.0 30.0 
42.0 31.0 33.0 24.0 32.0 30.0 31.0 31.0 29.0 
14.0 11.0 21.0 20.0 17.0 16.0 6.0 9.0 15.0 
34.0 27.0 24.0 6.0 13.0 9.0 21.0 18.0 16.0 
32.0 14.0 14.0 10.0 26.0 10.0 12.0 11.0 11.0 
30.0 20.0 34.0 28.0 29.0 25.0 19.0 25.0 20.0 
19.0 21.0 6.0 24.0 27.0 20.0 20.0 18.0 27.0 
12.0 21.0 24.0 18.0 14.0 7.0 33.0 27.0 21.0 
28.0 38.0 43.0 42.0 42.0 34.0 37.0 37.0 27.0 
23.0 42.0 41.0 28.0 40.0 41.0 28.0 45.0 34.0 
39.0 45.0 39.0 40.0 31.0 33.0 36.0 39.0 45.0 
23.0 32.0 33.0 22.0 27.0 19.0 33.0 29.0 20.0 
34.0 26.0 21.0 19.0 17.0 30.0 20.0 20.0 20.0 
29.0 22.0 18.0 16.0 22.0 17.0 26.0 23.0 14.0 
22.0 17.0 19.0 18.0 21.0 17.0 16.0 10.0 20.0 
45.0 43.0 49.0 44.0 36.0 40.0 43.0 32.0 43.0 
35.0 35.0 28.0 36.0 27.0 41.0 35.0 43.0 28.0 
17.0 31.0 16.0 27.0 13.0 10.0 22.0 19.0 20.0 
42.0 29.0 42.0 30.0 28.0 35.0 32.0 47.0 33.0 
15.0 15.0 25.0 16.0 24.0 12.0 17.0 20.0 17.0 
19.0 33.0 31.0 34.0 25.0 24.0 22.0 12.0 22.0 
29.0 36.0 41.0 39.0 26.0 29.0 32.0 34.0 31.0 
39.0 32.0 34.0 36.0 40.0 36.0 41.0 49.0 35.0 
23.0 28.0 39.0 15.0 26.0 20.0 17.0 25.0 17.0 
25.0 41.0 30.0 18.0 32.0 26.0 18.0 30.0 26.0 
53.0 42.0 34.0 44.0 34.0 46.0 46.0 46.0 35.0 
9.0 22.0 23.0 20.0 22.0 15.0 19.0 15.0 15.0 
39.0 33.0 45.0 33.0 31.0 45.0 25.0 28.0 45.0 
35.0 17.0 23.0 27.0 26.0 35.0 39.0 29.0 38.0 
24.0 27.0 24.0 31.0 22.0 28.0 32.0 41.0 28.0 
24.0 38.0 32.0 23.0 28.0 18.0 38.0 47.0 17.0 
21.0 13.0 20.0 6.0 6.0 7.0 10.0 16.0 20.0 
28.0 19.0 24.0 39.0 22.0 18.0 25.0 38.0 20.0 
20.0 21.0 29.0 13.0 13.0 17.0 21.0 16.0 9.0 
26.0 40.0 21.0 30.0 29.0 32.0 24.0 21.0 38.0 
18.0 8.0 8.0 14.0 26.0 36.0 15.0 21.0 23.0 
18.0 14.0 17.0 30.0 41.0 47.0 28.0 20.0 32.0 
41.0 37.0 34.0 34.0 34.0 22.0 28.0 23.0 31.0 
31.0 16.0 25.0 18.0 35.0 21.0 27.0 25.0 22.0 
